user_id,item_id,rating
0,0,4.0
0,1,4.0
0,2,4.0
0,3,5.0
0,4,5.0
0,5,5.0
0,6,4.0
0,7,5.0
0,8,5.0
0,9,5.0
0,10,5.0
0,11,5.0
0,12,4.0
0,13,5.0
0,14,5.0
0,15,4.0
0,16,4.0
0,17,5.0
0,18,4.0
0,19,4.0
0,20,5.0
0,21,4.0
0,22,5.0
0,23,4.0
0,24,4.0
0,25,5.0
0,26,4.0
0,27,4.0
0,28,4.0
0,29,5.0
0,30,5.0
0,31,5.0
0,32,4.0
0,33,4.0
0,34,5.0
0,35,5.0
0,36,5.0
0,37,4.0
0,38,5.0
0,39,5.0
0,40,5.0
0,41,5.0
0,42,5.0
0,43,5.0
0,44,5.0
0,45,4.0
0,46,5.0
0,47,4.0
0,48,5.0
0,49,5.0
0,50,5.0
0,51,4.0
0,52,5.0
0,53,5.0
0,54,4.0
0,55,5.0
0,56,5.0
0,57,5.0
0,58,5.0
0,59,5.0
0,60,4.0
0,61,5.0
0,62,5.0
0,63,4.0
0,64,5.0
0,65,5.0
0,66,5.0
0,67,5.0
0,68,5.0
0,69,5.0
0,70,4.0
0,71,5.0
0,72,5.0
0,73,5.0
0,74,5.0
0,75,5.0
0,76,5.0
0,77,4.0
0,78,4.0
0,79,4.0
0,80,5.0
0,81,4.0
0,82,5.0
0,83,5.0
0,84,5.0
0,85,4.0
0,86,5.0
0,87,5.0
0,88,4.0
0,89,4.0
0,90,5.0
0,91,4.0
0,92,4.0
0,93,5.0
0,94,5.0
0,95,4.0
0,96,4.0
0,97,5.0
0,98,4.0
0,99,5.0
0,100,4.0
0,101,5.0
0,102,4.0
0,103,5.0
0,104,4.0
0,105,5.0
0,106,5.0
0,107,5.0
0,108,5.0
0,109,4.0
0,110,4.0
0,111,4.0
0,112,5.0
0,113,5.0
0,114,5.0
0,115,5.0
0,116,5.0
0,117,4.0
0,118,5.0
0,119,4.0
0,120,4.0
0,121,4.0
0,122,4.0
0,123,5.0
0,124,5.0
0,125,5.0
0,126,4.0
0,127,5.0
0,128,5.0
0,129,4.0
0,130,5.0
0,131,4.0
0,132,5.0
0,133,5.0
0,134,4.0
0,135,4.0
0,136,5.0
0,137,5.0
0,138,5.0
0,139,5.0
0,140,5.0
0,141,5.0
0,142,4.0
0,143,4.0
0,144,4.0
0,145,5.0
0,146,4.0
0,147,4.0
0,148,5.0
0,149,5.0
0,150,5.0
0,151,5.0
0,152,5.0
0,153,4.0
0,154,4.0
0,155,5.0
0,156,5.0
0,157,5.0
0,158,4.0
0,159,5.0
0,160,5.0
0,161,5.0
0,162,5.0
0,163,5.0
0,164,4.0
0,165,5.0
0,166,5.0
0,167,5.0
0,168,4.0
0,169,5.0
0,170,5.0
0,171,5.0
0,172,5.0
0,173,4.0
0,174,5.0
0,175,4.0
0,176,5.0
0,177,5.0
0,178,5.0
0,179,4.0
0,180,4.0
0,181,5.0
0,182,5.0
0,183,5.0
0,184,4.0
0,185,4.0
0,186,4.0
0,187,5.0
0,188,4.0
0,189,4.0
0,190,5.0
0,191,5.0
0,192,5.0
0,193,5.0
0,194,4.0
0,195,4.0
0,196,5.0
0,197,4.0
0,198,4.0
0,199,5.0
1,14,4.0
1,200,4.5
1,187,4.0
1,201,4.0
1,202,4.0
1,203,4.0
1,204,4.5
1,205,5.0
1,206,4.5
1,207,4.0
1,208,4.0
1,209,4.5
1,210,5.0
1,211,4.0
1,212,5.0
1,213,5.0
1,214,4.0
1,215,5.0
1,216,5.0
2,217,5.0
2,83,4.5
2,218,4.0
2,219,5.0
2,220,4.5
2,192,5.0
2,221,5.0
2,222,5.0
2,223,5.0
2,224,4.5
2,225,5.0
2,226,5.0
2,227,4.5
2,228,5.0
2,229,4.5
2,230,5.0
3,231,4.0
3,232,5.0
3,233,5.0
3,234,5.0
3,235,5.0
3,236,5.0
3,13,5.0
3,237,5.0
3,238,5.0
3,239,5.0
3,240,4.0
3,241,4.0
3,242,4.0
3,20,5.0
3,243,5.0
3,244,5.0
3,245,5.0
3,246,4.0
3,28,5.0
3,30,5.0
3,247,4.0
3,248,4.0
3,249,4.0
3,250,5.0
3,251,4.0
3,252,4.0
3,253,4.0
3,254,5.0
3,255,5.0
3,256,5.0
3,257,5.0
3,34,5.0
3,258,5.0
3,259,5.0
3,41,4.0
3,260,5.0
3,48,4.0
3,261,5.0
3,49,5.0
3,262,5.0
3,263,5.0
3,264,5.0
3,55,5.0
3,265,4.0
3,266,5.0
3,56,5.0
3,57,5.0
3,267,5.0
3,62,4.0
3,268,4.0
3,269,4.0
3,270,5.0
3,271,4.0
3,70,4.0
3,272,4.0
3,74,5.0
3,273,5.0
3,274,4.0
3,75,4.0
3,275,5.0
3,276,4.0
3,79,4.0
3,80,4.0
3,277,4.0
3,278,4.0
3,87,4.0
3,279,5.0
3,280,5.0
3,281,4.0
3,282,4.0
3,283,4.0
3,284,5.0
3,95,5.0
3,285,4.0
3,286,4.0
3,106,5.0
3,287,4.0
3,288,5.0
3,119,5.0
3,289,5.0
3,290,4.0
3,291,5.0
3,292,4.0
3,293,4.0
3,294,5.0
3,129,4.0
3,295,4.0
3,296,5.0
3,297,5.0
3,298,4.0
3,149,5.0
3,299,4.0
3,300,5.0
3,301,5.0
3,155,5.0
3,302,4.0
3,303,4.0
3,304,5.0
3,168,4.0
3,169,4.0
3,305,5.0
3,306,4.0
3,307,5.0
3,308,4.0
3,309,4.0
3,310,4.0
3,311,4.0
3,312,4.0
3,313,5.0
3,178,4.0
3,314,4.0
3,315,5.0
3,316,5.0
3,317,4.0
3,318,4.0
3,319,4.0
3,320,4.0
3,321,4.0
3,322,5.0
3,323,4.0
3,324,5.0
3,325,4.0
3,326,4.0
3,327,4.0
3,328,5.0
3,329,4.0
3,330,4.0
3,331,5.0
4,0,4.0
4,332,4.0
4,333,4.0
4,334,4.0
4,4,4.0
4,335,5.0
4,6,4.0
4,236,4.0
4,336,5.0
4,337,4.0
4,338,5.0
4,339,5.0
4,18,4.0
4,20,4.0
4,340,4.0
4,243,5.0
4,22,5.0
4,341,4.0
4,246,4.0
4,26,5.0
4,342,5.0
4,343,5.0
4,29,5.0
5,344,4.0
5,1,5.0
5,345,5.0
5,2,4.0
5,346,4.0
5,347,4.0
5,348,4.0
5,349,4.0
5,350,4.0
5,351,5.0
5,352,4.0
5,353,4.0
5,354,4.0
5,333,4.0
5,334,5.0
5,355,4.0
5,356,4.0
5,357,4.0
5,3,4.0
5,358,4.0
5,359,4.0
5,360,4.0
5,361,4.0
5,362,4.0
5,363,5.0
5,364,4.0
5,365,4.0
5,366,4.0
5,367,4.0
5,368,4.0
5,6,5.0
5,369,4.0
5,370,4.0
5,371,4.0
5,372,4.0
5,373,4.0
5,7,4.0
5,374,4.0
5,375,5.0
5,376,5.0
5,377,4.0
5,378,4.0
5,379,4.0
5,380,4.0
5,10,4.0
5,381,4.0
5,382,4.0
5,383,5.0
5,384,4.0
5,385,4.0
5,386,5.0
5,387,4.0
5,388,4.0
5,389,5.0
5,337,4.0
5,390,5.0
5,391,4.0
5,392,4.0
5,393,4.0
5,394,5.0
5,395,4.0
5,396,4.0
5,397,4.0
5,398,5.0
5,399,4.0
5,400,5.0
5,401,4.0
5,402,5.0
5,403,4.0
5,14,5.0
5,404,5.0
5,405,4.0
5,406,4.0
5,15,5.0
5,407,5.0
5,408,4.0
5,409,4.0
5,410,4.0
5,411,4.0
5,16,5.0
5,412,4.0
5,413,5.0
5,18,4.0
5,242,5.0
5,414,4.0
5,415,5.0
5,416,4.0
5,417,4.0
5,418,5.0
5,419,4.0
5,420,4.0
5,421,4.0
5,422,4.0
5,20,5.0
5,423,4.0
5,424,4.0
5,340,4.0
5,243,4.0
5,425,4.0
5,21,5.0
5,426,4.0
5,427,5.0
5,428,4.0
5,429,4.0
5,430,4.0
5,431,4.0
5,25,5.0
5,432,4.0
5,433,5.0
5,246,5.0
5,26,5.0
5,28,4.0
5,342,4.0
5,343,5.0
5,434,4.0
5,435,4.0
5,436,5.0
5,437,4.0
5,438,4.0
5,439,4.0
5,440,4.0
5,247,4.0
5,441,5.0
5,442,4.0
5,443,5.0
5,444,5.0
5,445,5.0
5,446,4.0
5,447,5.0
5,448,4.0
5,449,4.0
5,450,4.0
5,451,4.0
5,452,4.0
5,453,4.0
5,454,4.0
5,455,4.0
5,456,4.0
5,46,5.0
5,457,4.0
5,458,4.0
5,459,4.0
6,0,4.5
6,4,4.5
6,373,4.5
6,460,4.0
6,13,5.0
6,16,5.0
6,461,5.0
6,21,5.0
6,28,5.0
6,462,4.0
6,463,4.0
6,444,4.5
6,464,4.0
6,465,4.0
6,56,4.0
6,60,4.0
6,61,4.0
6,268,5.0
6,64,4.5
6,68,5.0
6,71,5.0
6,466,5.0
6,467,4.0
6,468,4.0
6,94,4.5
6,469,5.0
6,137,5.0
6,470,4.5
6,299,4.5
6,155,4.0
6,471,4.5
6,314,4.5
6,472,5.0
6,473,4.0
6,474,4.0
6,475,4.0
6,476,4.5
6,477,4.0
6,329,4.0
6,478,4.0
6,479,4.5
6,480,4.5
6,481,4.0
6,482,5.0
6,483,4.5
6,484,4.5
6,485,4.0
6,486,4.5
6,487,4.0
6,488,4.0
6,489,4.5
6,490,4.5
6,491,4.5
6,492,4.0
6,493,4.0
6,494,4.5
6,495,4.5
6,496,4.5
6,497,4.5
6,498,4.5
6,499,4.0
6,500,4.0
6,501,4.0
6,502,4.0
6,503,4.5
6,504,4.5
6,505,4.0
6,506,4.5
6,507,4.5
6,508,4.5
7,344,4.0
7,347,4.0
7,332,4.0
7,333,5.0
7,3,4.0
7,4,5.0
7,373,4.0
7,509,5.0
7,510,4.0
7,11,4.0
7,511,5.0
7,339,4.0
7,402,5.0
7,512,5.0
7,413,5.0
7,415,4.0
7,416,5.0
7,422,4.0
7,21,4.0
7,22,5.0
7,26,5.0
7,28,4.0
8,513,4.0
8,514,4.0
8,35,5.0
8,515,4.0
8,58,5.0
8,71,5.0
8,516,4.0
8,98,4.0
8,517,5.0
8,479,5.0
8,518,4.0
8,481,4.0
8,519,4.0
8,520,4.0
8,521,5.0
8,522,4.0
8,523,4.0
8,524,5.0
8,484,5.0
8,525,4.0
8,526,4.0
8,527,4.0
9,246,4.0
9,256,4.0
9,528,4.0
9,187,4.0
9,475,4.5
9,529,4.5
9,479,4.0
9,480,4.0
9,484,4.0
9,530,4.0
9,531,4.0
9,532,4.0
9,492,4.0
9,533,4.0
9,534,4.5
9,535,4.0
9,536,5.0
9,537,5.0
9,538,5.0
9,539,4.5
9,540,5.0
9,541,4.0
9,508,5.0
9,542,5.0
9,543,4.5
9,204,4.5
9,544,4.5
9,545,4.0
9,546,4.5
9,547,5.0
9,548,5.0
9,549,5.0
9,550,4.0
9,551,5.0
9,552,5.0
9,553,4.5
9,554,4.0
9,555,4.0
9,556,5.0
9,557,4.0
9,558,4.0
9,559,4.0
9,560,4.5
9,561,4.0
9,562,4.0
9,563,4.5
9,564,4.0
9,565,5.0
9,566,4.0
9,567,5.0
10,2,5.0
10,334,4.0
10,6,5.0
10,373,5.0
10,568,4.0
10,396,4.0
10,402,4.0
10,15,5.0
10,16,5.0
10,416,4.0
10,20,5.0
10,340,4.0
10,21,4.0
10,569,4.0
10,570,5.0
10,571,4.0
10,28,5.0
10,462,4.0
10,32,4.0
10,443,4.0
10,444,4.0
10,465,5.0
10,61,4.0
10,572,4.0
10,573,5.0
10,574,4.0
10,81,4.0
10,466,5.0
10,575,4.0
10,576,4.0
10,577,4.0
10,578,4.0
10,579,5.0
10,200,4.0
10,580,5.0
10,581,5.0
10,582,4.0
10,468,4.0
10,583,4.0
10,584,4.0
10,100,5.0
11,585,4.0
11,376,5.0
11,381,5.0
11,586,5.0
11,337,4.5
11,447,4.0
11,449,5.0
11,258,4.5
11,587,5.0
11,580,5.0
11,588,5.0
11,589,5.0
11,590,5.0
11,591,5.0
11,592,4.0
11,593,5.0
11,594,5.0
11,318,4.5
11,474,4.5
11,595,4.0
11,531,5.0
11,537,5.0
11,596,5.0
11,544,5.0
12,3,5.0
12,58,5.0
12,597,4.0
12,598,4.0
12,580,4.0
12,139,5.0
12,599,4.0
12,187,5.0
12,600,4.0
12,601,4.0
12,196,4.0
12,602,4.0
12,603,4.0
12,604,4.0
12,317,4.0
12,319,5.0
12,605,5.0
12,606,4.0
13,607,4.0
13,354,4.0
13,3,5.0
13,367,5.0
13,6,5.0
13,373,4.0
13,608,5.0
13,609,5.0
13,610,4.0
13,404,5.0
13,405,4.0
13,16,4.0
13,611,4.0
13,612,4.0
13,419,4.0
13,425,4.0
13,613,5.0
13,614,4.0
13,25,4.0
13,26,4.0
13,28,4.0
14,13,5.0
14,339,4.0
14,402,5.0
14,16,5.0
14,22,5.0
14,571,5.0
14,615,4.0
14,56,5.0
14,58,4.0
14,616,5.0
14,61,5.0
14,63,5.0
14,68,4.0
14,71,5.0
14,617,4.5
14,618,5.0
14,619,5.0
14,98,4.0
14,288,5.0
14,124,4.5
14,139,4.0
14,155,4.0
14,158,4.5
14,174,5.0
14,620,5.0
14,621,4.0
14,622,5.0
14,623,4.0
14,187,5.0
14,624,4.0
14,474,4.0
14,476,4.0
14,625,5.0
14,480,5.0
14,481,4.0
14,485,5.0
14,626,5.0
14,627,4.5
14,628,4.5
14,629,4.0
14,630,4.0
14,631,4.0
14,632,5.0
14,633,4.5
14,634,4.0
14,635,4.0
14,636,4.5
14,637,4.0
14,638,4.0
14,639,4.5
14,640,4.5
14,641,5.0
14,642,4.0
14,643,4.5
14,644,5.0
14,645,5.0
15,4,4.0
15,646,4.5
15,647,4.0
15,402,4.0
15,238,4.0
15,22,4.0
15,648,4.5
15,30,4.5
15,649,4.0
15,650,4.0
15,463,4.5
15,217,4.0
15,651,4.0
15,50,4.0
15,55,4.0
15,652,4.0
15,653,4.0
15,654,4.0
15,57,4.0
15,655,5.0
15,267,4.0
15,656,4.0
15,60,4.0
15,63,4.0
15,65,4.5
15,657,4.0
15,658,4.0
15,659,4.0
15,660,4.5
15,661,4.0
15,662,4.0
15,663,4.0
15,664,4.0
15,665,4.0
15,469,4.0
15,666,4.0
15,667,4.0
15,668,4.0
15,669,4.0
15,624,4.0
15,670,4.5
15,671,4.0
15,482,4.5
15,672,4.0
15,673,4.0
15,674,4.0
15,675,4.0
15,676,4.0
15,204,4.5
15,677,4.0
15,545,4.0
15,678,4.5
15,551,4.5
16,0,4.5
16,3,4.0
16,4,4.5
16,6,4.5
16,646,4.0
16,13,5.0
16,339,5.0
16,402,5.0
16,16,5.0
16,21,4.5
16,22,4.5
16,571,4.5
16,26,4.5
16,27,4.5
16,28,4.5
16,463,4.5
16,444,4.0
16,615,5.0
16,253,4.0
16,44,4.5
16,679,4.0
16,50,4.0
16,51,4.5
16,680,4.0
16,654,4.5
16,56,5.0
16,58,4.5
16,681,5.0
16,59,5.0
16,61,5.0
16,62,4.5
16,682,4.5
16,65,4.5
16,683,4.5
16,684,4.0
16,68,5.0
16,660,4.0
16,685,4.0
16,271,4.0
16,686,4.0
16,71,4.5
16,75,4.0
16,687,4.0
16,87,5.0
16,95,4.0
16,97,4.0
16,100,4.5
16,688,4.0
16,124,4.5
16,136,4.5
16,139,5.0
16,299,4.0
16,155,4.0
16,163,4.5
16,689,4.5
16,174,4.5
16,690,4.0
16,315,4.0
16,691,4.5
16,624,4.5
16,670,4.0
16,692,4.0
16,479,4.5
16,482,5.0
16,672,4.0
16,484,5.0
16,673,4.0
16,693,4.5
16,694,5.0
16,695,5.0
16,492,4.5
16,696,4.0
16,675,4.0
16,697,4.5
16,540,4.0
16,676,4.5
16,203,4.0
16,204,4.5
16,206,4.0
16,698,4.5
16,678,4.0
16,208,4.5
16,699,4.0
16,700,4.0
17,2,4.0
17,349,4.5
17,354,4.0
17,334,4.0
17,3,4.5
17,4,5.0
17,6,4.5
17,646,4.0
17,9,4.0
17,460,4.0
17,701,4.0
17,513,4.0
17,12,4.5
17,13,4.0
17,610,4.0
17,647,4.5
17,339,4.0
17,402,5.0
17,403,4.0
17,404,4.0
17,16,4.5
17,702,4.0
17,428,4.0
17,22,4.5
17,648,4.0
17,703,4.0
17,571,4.5
17,26,4.0
17,28,4.5
17,30,4.5
17,650,4.0
17,704,4.5
17,444,4.0
17,615,4.0
17,253,4.5
17,254,4.0
17,651,4.0
17,34,4.0
17,35,5.0
17,464,4.0
17,679,4.0
17,49,4.5
17,263,4.0
17,50,4.0
17,515,4.0
17,55,4.5
17,653,4.5
17,654,4.5
17,56,4.0
17,58,4.0
17,681,5.0
17,267,5.0
17,59,4.5
17,656,4.5
17,705,5.0
17,61,4.5
17,706,4.5
17,62,4.5
17,63,4.0
17,268,4.5
17,682,5.0
17,65,4.5
17,657,4.5
17,707,4.5
17,684,4.5
17,68,4.0
17,708,4.0
17,709,4.0
17,659,4.5
17,660,4.0
17,661,4.0
17,71,4.0
17,664,4.0
17,75,4.0
17,710,4.5
17,711,4.0
17,712,4.5
17,276,4.0
17,84,4.0
17,200,4.0
17,580,4.0
17,713,4.0
17,87,4.5
17,714,4.0
17,94,4.0
17,715,4.0
17,96,4.0
17,469,4.0
17,100,4.0
17,112,4.0
17,121,4.0
17,123,4.0
17,716,4.5
17,124,4.0
17,717,4.0
17,718,4.0
17,138,4.5
17,139,4.5
17,299,4.5
17,719,4.5
17,163,4.5
17,168,4.0
17,171,4.5
17,720,4.0
17,174,4.0
17,721,4.5
17,722,4.0
17,187,4.5
17,691,4.5
17,196,4.0
17,723,4.0
17,624,4.5
17,724,4.0
17,605,4.5
17,670,4.5
17,324,4.0
17,725,4.0
17,475,4.0
17,726,4.0
17,727,4.0
17,477,4.0
17,478,4.0
17,671,4.0
17,479,4.5
17,480,4.5
17,728,4.5
17,729,4.5
17,518,4.0
17,730,4.0
17,731,4.0
17,481,4.0
17,732,4.0
17,733,4.0
17,734,4.0
17,525,4.0
17,485,4.0
17,735,4.5
17,736,4.5
17,487,4.0
17,737,4.0
17,738,4.5
17,489,4.5
17,739,4.0
17,740,4.5
17,741,4.0
17,742,4.5
17,492,4.5
17,743,4.5
17,744,4.0
17,745,4.5
17,746,4.0
17,747,4.0
17,497,4.0
17,748,4.0
17,749,4.0
17,750,4.5
17,751,4.5
17,752,4.0
17,753,4.0
17,540,4.5
17,754,4.0
17,755,4.0
17,756,4.0
17,757,4.0
17,758,4.0
17,759,4.0
17,541,4.0
17,760,4.5
17,761,4.5
17,762,4.0
17,763,4.5
17,505,4.0
17,764,4.0
17,765,4.0
17,676,4.0
17,203,4.5
17,628,4.5
17,766,4.0
17,767,4.5
17,768,4.5
17,769,4.0
17,770,4.5
17,771,4.0
17,772,4.5
17,773,4.5
17,774,4.0
17,775,4.0
17,776,4.0
17,204,4.0
17,777,4.0
17,778,4.0
17,779,4.5
17,780,4.0
17,781,4.0
17,782,4.5
17,783,4.5
17,784,4.0
17,785,4.0
17,545,4.0
17,786,4.0
17,630,4.0
17,787,4.5
17,788,4.5
17,789,4.0
17,790,4.5
17,791,4.5
17,207,4.5
17,792,4.5
17,793,4.0
17,794,4.5
17,795,4.0
17,678,4.0
17,208,4.5
17,796,4.0
17,209,4.0
17,797,4.5
17,798,4.5
17,799,4.0
17,800,4.0
17,801,4.0
17,802,4.0
17,803,4.0
17,804,4.0
17,805,4.0
17,551,4.0
17,806,4.0
17,807,4.0
17,808,4.0
17,809,4.0
17,810,4.0
17,811,4.0
17,812,4.0
17,813,4.0
17,814,4.0
17,815,4.0
17,816,4.0
17,817,4.0
17,818,4.0
17,819,4.0
17,638,4.5
17,820,4.0
17,821,4.5
17,822,4.0
17,214,4.5
17,823,4.5
17,824,4.0
17,825,4.5
17,826,4.5
17,827,4.0
17,828,4.0
17,641,4.0
17,829,4.0
17,830,4.0
17,831,4.0
17,642,4.5
17,832,4.0
17,833,4.0
17,834,4.5
17,835,4.0
17,836,4.0
17,837,4.0
17,838,4.0
17,839,4.5
17,840,4.5
17,841,4.0
17,842,4.0
17,843,4.0
17,844,4.0
17,845,4.0
17,846,4.5
17,847,4.5
17,848,4.5
18,0,4.0
18,354,4.0
18,333,4.0
18,12,4.0
18,13,4.0
18,647,4.0
18,409,5.0
18,512,4.0
18,18,4.0
18,415,4.0
18,20,4.0
18,648,4.0
18,849,5.0
18,571,5.0
18,27,5.0
18,850,4.0
18,851,4.0
18,852,4.0
18,650,4.0
18,445,4.0
18,853,4.0
18,854,4.0
18,451,4.0
18,855,5.0
18,253,5.0
18,255,4.0
18,651,5.0
18,856,4.0
18,857,4.0
18,48,4.0
18,858,4.0
18,263,4.0
18,53,5.0
18,653,4.0
18,654,4.0
18,56,4.0
18,57,5.0
18,58,5.0
18,63,4.0
18,268,4.0
18,684,4.0
18,68,4.0
18,69,4.0
18,70,4.0
18,859,4.0
18,71,4.0
18,73,4.0
18,860,5.0
18,75,5.0
18,861,4.0
18,862,5.0
18,712,5.0
18,863,4.0
18,864,5.0
18,865,4.0
18,82,4.0
18,84,4.0
18,86,4.0
18,617,4.0
18,866,5.0
18,584,4.0
18,95,5.0
18,97,4.0
18,867,4.0
18,868,4.0
18,869,4.0
18,108,4.0
18,114,4.0
18,870,4.0
18,119,4.0
18,289,4.0
18,871,4.0
18,293,4.0
18,872,4.0
18,873,4.0
18,874,4.0
18,875,4.0
18,139,4.0
18,876,4.0
18,150,4.0
18,151,4.0
18,877,5.0
18,299,4.0
18,878,4.0
18,155,4.0
18,879,5.0
18,880,4.0
18,163,5.0
18,881,5.0
18,165,5.0
18,168,4.0
18,882,4.0
18,883,4.0
18,884,5.0
18,667,4.0
18,885,4.0
18,886,4.0
18,887,5.0
18,888,5.0
18,889,4.0
18,890,4.0
18,891,5.0
18,892,4.0
18,893,4.0
18,196,4.0
19,894,4.0
19,333,4.0
19,895,5.0
19,896,4.5
19,390,4.5
19,17,4.0
19,413,5.0
19,341,4.5
19,849,5.0
19,246,5.0
19,342,5.0
19,343,5.0
19,29,4.5
19,31,5.0
19,851,5.0
19,854,4.0
19,251,4.0
19,257,4.5
19,34,5.0
19,897,4.0
19,898,4.0
19,899,4.5
19,41,5.0
19,900,4.5
19,42,4.5
19,901,4.5
19,48,5.0
19,902,4.5
19,53,5.0
19,653,5.0
19,74,4.5
19,903,5.0
19,904,4.0
19,865,4.5
19,905,4.5
19,528,5.0
19,284,5.0
19,97,5.0
19,99,4.0
19,101,4.0
19,106,4.5
19,906,4.0
19,869,5.0
19,907,5.0
19,908,4.0
19,909,4.5
19,910,4.5
19,109,4.0
19,911,5.0
19,114,4.5
19,870,4.0
19,116,4.5
19,118,4.5
19,517,5.0
19,912,4.0
19,913,5.0
19,914,5.0
19,915,4.5
19,150,4.5
19,916,5.0
19,917,4.5
19,152,4.5
19,918,5.0
19,919,4.0
19,920,4.0
19,165,5.0
19,170,5.0
19,471,5.0
19,921,5.0
19,888,5.0
19,922,5.0
19,923,5.0
19,924,4.0
19,925,4.0
19,926,5.0
19,187,4.5
19,927,5.0
19,928,4.5
19,929,4.0
19,317,4.5
19,318,4.5
19,930,4.0
19,931,4.5
19,932,4.0
19,933,4.0
19,934,4.0
19,935,5.0
19,936,4.0
19,325,5.0
19,475,5.0
19,937,4.0
19,938,4.0
19,477,4.0
19,329,4.5
19,939,4.0
19,940,4.0
19,479,5.0
19,480,5.0
19,941,4.5
19,942,4.0
19,943,4.0
19,944,4.0
19,518,5.0
19,945,4.0
19,946,4.0
19,947,4.0
19,948,4.0
19,481,4.5
19,482,5.0
19,949,4.0
19,950,4.0
19,483,4.5
19,484,5.0
19,485,4.5
19,486,5.0
19,951,4.0
19,952,4.0
19,953,4.0
19,487,4.0
19,954,5.0
19,488,4.0
20,955,5.0
20,13,4.5
20,411,4.0
20,16,4.5
20,413,4.0
20,414,5.0
20,21,4.0
20,246,4.0
20,434,4.0
20,462,4.5
20,956,4.0
20,56,4.5
20,58,4.0
20,61,4.5
20,71,5.0
20,75,4.0
20,957,4.5
20,958,4.5
20,959,5.0
20,619,5.0
20,98,5.0
20,112,4.0
20,960,4.5
20,961,4.0
20,137,4.0
20,962,4.0
20,139,4.0
20,143,4.0
20,470,4.0
20,963,5.0
20,593,4.0
20,878,4.0
20,158,4.0
20,160,4.5
20,161,4.5
20,162,4.5
20,964,4.5
20,965,4.5
20,166,4.5
20,167,4.5
20,966,4.0
20,967,5.0
20,176,4.0
20,968,4.0
20,969,4.5
20,970,4.5
20,971,4.5
20,189,4.5
20,972,4.0
20,472,4.0
20,973,4.5
20,974,4.0
20,475,4.0
20,975,4.5
20,976,4.0
20,977,4.0
20,978,4.5
20,329,4.0
20,478,4.5
20,518,4.0
20,947,4.0
20,731,4.0
20,481,4.5
20,979,4.5
20,980,4.0
20,483,4.0
20,981,5.0
20,489,4.0
20,982,4.0
20,531,4.0
20,491,4.0
20,983,4.5
20,984,4.5
20,985,5.0
20,986,4.0
20,987,4.0
20,988,4.5
20,989,4.0
20,747,4.0
20,497,4.0
20,990,4.0
20,502,4.5
20,991,4.5
20,626,4.5
20,992,4.0
20,993,4.0
20,994,4.0
20,995,4.0
20,996,5.0
20,508,4.0
20,997,4.5
20,998,4.0
20,999,4.5
20,769,4.0
20,1000,4.5
20,777,4.0
20,1001,4.0
20,545,4.5
20,1002,4.0
20,1003,4.0
20,789,4.0
20,795,4.0
20,678,4.0
20,1004,4.5
20,1005,4.0
20,1006,4.0
20,1007,4.0
20,1008,4.0
20,803,4.0
20,1009,4.0
20,1010,4.0
20,1011,4.0
20,1012,4.0
20,556,4.0
20,635,4.5
20,1013,4.0
20,1014,4.0
20,557,4.0
20,1015,4.0
20,1016,4.0
20,636,4.0
20,1017,4.0
20,817,4.0
20,560,4.0
20,1018,4.0
20,1019,4.0
20,1020,4.0
20,639,4.5
20,1021,4.5
20,823,4.0
20,1022,4.0
20,1023,4.0
20,828,4.0
20,641,4.0
20,1024,4.0
20,1025,4.0
20,643,4.0
20,1026,4.5
20,565,4.0
20,1027,4.0
20,1028,4.0
20,1029,4.0
20,1030,4.0
21,1031,4.5
21,10,4.0
21,511,4.0
21,402,5.0
21,16,5.0
21,648,5.0
21,654,5.0
21,657,4.0
21,1032,5.0
21,1033,4.5
21,1034,4.0
21,517,4.0
21,1035,4.0
21,185,5.0
21,187,4.0
21,927,4.0
21,1036,4.0
21,319,4.5
21,1037,4.0
21,322,4.5
21,1038,4.5
21,1039,4.5
21,1040,4.0
21,1041,4.5
21,1042,4.0
21,741,4.0
21,201,4.0
21,1043,5.0
21,497,4.0
21,501,4.0
21,628,4.0
21,508,5.0
21,1044,4.0
21,1045,4.0
21,206,4.0
21,1046,4.0
22,2,4.0
22,1047,4.0
22,4,4.0
22,1048,4.0
22,647,4.0
22,1049,4.0
22,648,5.0
22,1050,4.0
22,704,4.0
22,651,4.0
22,35,4.0
22,464,4.0
22,50,4.0
22,1051,4.0
22,655,4.0
22,59,4.0
22,60,4.0
22,706,5.0
22,63,4.0
22,65,5.0
22,1052,5.0
22,1053,5.0
22,1054,4.0
22,660,4.5
22,685,5.0
22,272,4.0
22,1055,4.0
22,1056,5.0
22,1057,4.0
22,1058,4.0
22,295,4.0
22,1059,4.0
22,1060,4.0
22,1061,4.0
22,1062,4.5
22,624,5.0
22,670,4.5
22,1063,4.0
22,1064,4.0
22,482,4.0
22,672,4.0
22,673,4.0
22,738,5.0
22,1065,4.5
22,695,4.0
22,1066,4.5
22,1067,5.0
22,1068,4.0
22,1069,4.0
22,1070,4.0
23,2,4.5
23,4,4.0
23,339,4.0
23,402,4.5
23,16,4.5
23,28,4.5
23,30,4.0
23,57,4.0
23,58,4.5
23,709,4.0
23,70,4.5
23,1071,4.0
23,864,4.0
23,958,4.0
23,200,4.0
23,581,4.0
23,100,4.0
23,112,4.0
23,961,4.0
23,139,4.0
23,1060,4.0
23,174,4.5
23,187,4.0
23,933,4.0
23,725,4.0
23,975,4.0
23,1072,4.0
23,1073,4.5
23,731,4.0
23,1074,4.0
23,1075,4.0
23,694,4.5
23,491,4.0
23,675,4.5
23,1076,4.0
23,759,4.0
23,760,4.0
23,1077,4.0
23,1078,4.0
23,769,4.0
23,204,4.0
23,1000,4.0
23,1079,4.0
23,698,4.0
23,1080,4.0
23,1081,4.0
23,208,4.0
23,1082,4.0
23,551,4.0
23,1011,4.0
23,828,4.0
23,1083,4.0
23,642,4.0
23,643,4.0
24,11,4.0
24,13,5.0
24,22,5.0
24,58,5.0
24,100,5.0
24,139,5.0
24,187,5.0
24,479,5.0
24,484,5.0
24,492,5.0
24,204,5.0
24,777,4.0
24,677,5.0
24,206,5.0
24,545,5.0
24,207,4.5
24,208,5.0
24,551,5.0
24,826,5.0
24,1084,5.0
24,1085,4.5
24,1086,4.0
24,846,5.0
24,1087,5.0
24,1088,4.0
24,1089,5.0
25,3,4.0
25,460,4.0
25,339,4.0
25,422,4.0
25,20,4.0
25,27,4.0
25,28,4.0
26,344,4.0
26,333,5.0
26,895,4.0
26,361,5.0
26,13,4.0
26,400,4.0
26,16,5.0
26,413,4.0
26,18,4.0
26,21,4.0
26,26,4.0
26,343,4.0
26,462,4.0
26,650,5.0
26,445,4.0
26,1090,4.0
26,252,4.0
26,1091,5.0
26,651,4.0
26,258,4.0
26,1092,4.0
26,452,4.0
26,1093,4.0
26,1094,4.0
26,899,4.0
26,901,5.0
26,1095,4.0
26,53,5.0
26,465,4.0
26,54,4.0
26,653,5.0
26,56,4.0
26,57,5.0
26,58,5.0
26,681,4.0
26,656,5.0
26,61,4.0
26,270,4.0
26,1096,5.0
26,71,5.0
26,664,4.0
26,1097,5.0
26,466,4.0
26,580,5.0
26,1098,4.0
26,528,4.0
26,284,5.0
26,98,4.0
26,102,4.0
26,104,4.0
26,906,4.0
26,108,4.0
26,1099,4.0
26,112,4.0
26,288,5.0
26,1100,5.0
26,118,4.0
26,129,4.0
26,1101,4.0
26,134,5.0
26,137,4.0
26,1102,5.0
26,143,5.0
26,144,4.0
26,915,4.0
26,159,4.0
26,719,4.0
26,1103,4.0
26,173,4.0
26,1104,4.0
26,471,4.0
26,1105,4.0
26,182,4.0
26,1106,5.0
26,890,4.0
26,184,4.0
26,185,5.0
26,315,4.0
26,623,4.0
26,1107,4.0
26,691,4.0
26,1108,4.0
27,13,4.0
27,647,4.5
27,339,4.5
27,400,4.0
27,240,4.0
27,16,4.0
27,243,4.0
27,1109,4.0
27,648,4.0
27,571,4.5
27,26,4.0
27,615,4.5
27,56,4.0
27,616,4.0
27,681,4.0
27,61,4.0
27,62,4.0
27,682,4.0
27,65,4.0
27,68,4.5
27,1110,4.0
27,69,4.0
27,272,4.5
27,572,4.0
27,711,4.0
27,864,4.5
27,467,4.5
27,87,4.0
27,1111,4.0
27,1033,4.0
27,1112,5.0
27,111,4.0
27,1113,4.0
27,1114,4.0
27,1115,4.5
27,139,4.0
27,143,4.0
27,155,4.0
27,881,4.0
27,1116,4.0
27,1117,4.0
27,1118,4.0
27,599,4.0
27,1119,4.0
27,1120,4.0
27,315,4.5
27,1121,4.0
27,187,4.0
27,1122,4.0
27,318,4.0
27,1123,4.0
27,1124,4.0
27,1125,4.5
27,1126,4.5
27,947,4.0
27,672,4.5
27,1127,4.0
27,1128,4.0
27,1129,4.0
27,201,4.0
27,1043,4.0
27,536,4.0
27,1130,4.5
27,1131,4.0
27,1132,4.5
27,1133,5.0
27,1134,4.0
27,1135,4.0
27,1136,4.0
27,1137,4.5
27,989,4.0
27,748,4.0
27,1138,4.0
27,1139,4.0
27,674,4.5
27,1140,4.0
27,1141,4.0
27,626,4.0
27,1142,4.0
27,540,4.5
27,1143,4.5
27,754,4.0
27,759,4.5
27,1144,4.5
27,1145,4.0
27,1146,4.5
27,1147,4.0
27,1148,4.0
27,1149,4.5
27,1078,4.5
27,1150,5.0
27,769,4.0
27,770,4.0
27,1044,4.5
27,1151,4.0
27,1152,4.0
27,775,4.0
27,1153,4.5
27,777,4.5
27,1154,4.0
27,677,4.0
27,1155,4.0
27,1156,4.0
27,1157,4.5
27,1158,4.0
27,1159,4.0
27,629,4.0
27,1160,4.0
27,1079,4.5
27,1161,4.5
27,1080,4.5
27,789,5.0
28,373,4.0
28,460,4.0
28,400,4.0
28,402,4.5
28,16,4.5
28,463,4.5
28,444,4.0
28,615,4.5
28,253,4.5
28,257,4.0
28,464,5.0
28,1162,5.0
28,55,4.0
28,58,4.5
28,681,5.0
28,1163,4.5
28,60,4.0
28,705,4.5
28,62,4.0
28,65,4.0
28,66,4.0
28,1164,4.0
28,270,5.0
28,1096,4.5
28,71,4.0
28,1165,5.0
28,1166,4.5
28,573,5.0
28,84,5.0
28,1167,4.0
28,1168,4.5
28,100,5.0
28,1169,4.0
28,156,4.5
28,159,4.0
28,719,4.5
28,1170,4.5
28,187,5.0
28,691,4.0
28,1123,4.0
28,726,4.0
28,1125,4.0
28,732,4.5
28,735,5.0
28,1171,4.5
28,739,4.5
28,1172,4.5
28,1173,4.0
28,1174,4.0
28,674,5.0
28,203,4.5
28,1175,4.5
28,767,4.0
28,1044,4.0
28,1151,4.0
28,1176,4.5
28,1177,5.0
28,1080,4.0
28,209,4.0
28,549,4.0
28,700,5.0
28,1178,4.5
28,1179,4.5
28,812,4.5
28,636,4.0
28,820,4.5
28,639,4.0
29,6,5.0
29,13,5.0
29,402,5.0
29,679,4.0
29,56,5.0
29,58,5.0
29,61,5.0
29,75,5.0
29,139,5.0
29,479,5.0
29,484,5.0
29,492,5.0
29,540,5.0
29,204,5.0
29,777,5.0
29,677,5.0
29,698,5.0
29,545,5.0
29,208,5.0
29,551,5.0
29,1180,5.0
29,1181,5.0
29,1182,5.0
29,1183,4.0
29,1184,4.0
29,638,5.0
29,639,5.0
29,823,5.0
29,1022,5.0
29,1185,4.0
29,1186,5.0
30,0,5.0
30,346,4.0
30,955,4.0
30,361,4.0
30,370,4.0
30,460,4.0
30,405,4.0
30,415,5.0
30,246,5.0
30,1187,4.0
30,462,5.0
30,32,5.0
30,443,4.0
30,444,4.0
30,445,4.0
30,1188,5.0
30,451,4.0
30,256,5.0
30,679,5.0
30,1189,5.0
30,48,4.0
30,56,4.0
30,57,5.0
30,58,4.0
30,63,4.0
30,68,4.0
30,71,4.0
30,73,5.0
30,74,5.0
30,1190,4.0
30,1191,4.0
30,710,4.0
30,1192,5.0
30,1193,5.0
30,1194,5.0
30,199,5.0
31,346,4.0
31,332,4.0
31,607,4.0
31,353,4.0
31,354,4.0
31,334,4.0
31,4,5.0
31,335,5.0
31,1195,4.0
31,1196,4.0
31,1197,4.0
31,370,4.0
31,1198,5.0
31,1199,4.0
31,1200,4.0
31,1201,4.0
31,13,5.0
31,237,5.0
31,1048,5.0
31,609,4.0
31,339,5.0
31,398,4.0
31,402,5.0
31,405,4.0
31,240,5.0
31,412,4.0
31,420,4.0
31,1202,5.0
31,22,4.0
31,570,4.0
31,245,5.0
31,614,4.0
31,27,5.0
31,28,5.0
31,30,5.0
31,1203,4.0
31,247,4.0
31,32,4.0
31,1204,4.0
31,446,4.0
31,451,4.0
31,256,5.0
31,679,5.0
31,457,4.0
31,48,5.0
31,858,4.0
31,262,4.0
31,263,4.0
31,264,4.0
31,1205,5.0
31,56,4.0
31,57,5.0
31,58,5.0
31,710,4.0
31,1194,5.0
31,1206,4.0
31,1207,4.0
31,1208,4.0
31,1209,4.0
31,1210,4.0
32,350,4.0
32,332,4.0
32,1211,5.0
32,334,5.0
32,585,5.0
32,4,5.0
32,335,4.0
32,1212,4.0
32,6,5.0
32,7,4.0
32,513,4.0
32,236,4.0
32,337,4.0
32,237,5.0
32,1048,4.0
32,647,4.0
32,339,5.0
32,1213,5.0
32,1214,4.0
32,402,4.0
32,404,5.0
32,405,5.0
32,240,4.0
32,16,5.0
32,1215,4.0
32,1216,5.0
32,1217,5.0
32,1218,4.0
32,1219,4.0
32,20,5.0
32,243,4.0
32,1202,4.0
32,1109,4.0
32,613,5.0
32,22,5.0
32,570,4.0
32,1220,5.0
32,246,5.0
32,571,4.0
32,28,5.0
32,30,4.0
32,1221,5.0
32,1222,4.0
32,704,4.0
32,248,4.0
32,449,5.0
32,1223,4.0
32,257,5.0
32,34,5.0
32,1224,5.0
32,1225,4.0
32,1226,4.0
32,47,5.0
32,515,4.0
32,266,4.0
32,61,5.0
32,708,5.0
32,1110,5.0
32,1227,5.0
32,587,4.0
32,572,4.0
32,1206,4.0
32,1228,5.0
32,79,4.0
32,1229,4.0
32,1230,4.0
32,1231,5.0
32,84,5.0
32,1232,4.0
32,598,5.0
32,277,5.0
32,617,5.0
32,1233,5.0
32,1234,5.0
32,1235,4.0
32,200,5.0
32,278,5.0
32,580,4.0
32,88,4.0
32,1236,4.0
32,1237,4.0
32,1238,4.0
32,584,5.0
32,100,5.0
32,906,4.0
32,121,4.0
32,1239,4.0
32,1240,4.0
32,912,5.0
32,1241,5.0
32,873,4.0
32,1242,4.0
32,138,4.0
32,139,5.0
32,140,5.0
32,1243,4.0
32,299,4.0
32,1244,4.0
32,1245,5.0
33,955,5.0
33,402,4.0
33,16,4.0
33,415,4.5
33,864,4.5
33,1246,4.5
33,122,5.0
33,1247,4.5
33,1248,4.0
33,163,4.0
33,666,4.0
33,600,4.0
33,1249,4.5
33,196,5.0
33,1250,4.5
33,319,5.0
33,670,4.5
33,325,4.0
33,1251,4.5
33,1252,5.0
33,529,4.0
33,1253,4.0
33,625,4.0
33,671,4.0
33,730,5.0
33,947,4.0
33,487,5.0
33,1254,4.5
33,1255,4.5
33,489,5.0
33,1256,5.0
33,1042,5.0
33,1257,4.5
33,1258,4.0
33,201,5.0
33,1259,4.5
33,1043,4.5
33,1260,4.5
33,496,5.0
33,1261,4.5
33,1262,4.5
33,1263,5.0
33,1264,4.5
33,505,5.0
34,347,4.0
34,332,5.0
34,4,5.0
34,359,5.0
34,361,5.0
34,373,5.0
34,509,5.0
34,381,4.0
34,12,4.0
34,384,4.0
34,388,4.0
34,337,5.0
34,1265,4.0
34,405,5.0
34,239,4.0
34,26,5.0
34,27,4.0
35,402,4.0
35,684,4.0
35,1096,4.0
35,84,4.5
35,293,4.5
35,960,4.0
35,1266,4.5
35,1170,4.5
35,317,4.5
35,1267,4.0
36,373,5.0
36,460,5.0
36,11,5.0
36,396,4.0
36,339,5.0
36,400,5.0
36,402,4.0
36,1268,5.0
36,15,4.0
36,16,4.0
36,20,4.0
36,26,4.0
36,28,5.0
36,1269,5.0
36,457,5.0
36,48,4.0
37,347,5.0
37,4,5.0
37,6,5.0
37,373,4.0
37,7,5.0
37,1270,4.0
37,376,4.0
37,513,5.0
37,1200,4.0
37,12,4.0
37,1201,5.0
37,1265,4.0
37,402,5.0
37,407,4.0
37,512,5.0
37,242,4.0
37,611,4.0
37,422,4.0
37,20,5.0
37,1202,5.0
37,22,5.0
37,849,4.0
37,26,4.0
37,27,4.0
37,343,4.0
37,462,4.0
38,4,5.0
38,13,5.0
38,339,5.0
38,413,4.0
38,20,4.0
38,246,4.0
38,571,4.0
38,27,4.0
38,28,5.0
38,30,5.0
38,1271,4.0
38,650,4.0
38,615,4.0
38,41,4.0
38,1272,4.0
38,679,4.0
38,50,5.0
38,53,4.0
38,54,4.0
38,55,4.0
38,56,5.0
38,57,5.0
38,58,4.0
38,616,5.0
38,61,5.0
38,62,4.0
38,63,5.0
38,1273,5.0
38,268,5.0
38,682,5.0
38,1274,5.0
38,685,5.0
38,71,4.0
38,664,4.0
38,1097,4.0
38,75,5.0
38,1275,5.0
38,1276,4.0
38,573,4.0
38,79,4.0
38,466,5.0
38,467,4.0
38,713,5.0
38,1111,5.0
38,95,4.0
38,285,5.0
38,1277,4.0
38,1278,5.0
38,1279,5.0
38,126,5.0
38,1280,5.0
38,137,4.0
38,139,5.0
38,140,5.0
38,297,5.0
38,149,5.0
38,150,5.0
38,299,5.0
38,155,5.0
38,1281,4.0
38,165,4.0
38,168,5.0
38,666,5.0
38,1282,5.0
38,886,5.0
38,1119,5.0
38,1283,5.0
38,1284,5.0
38,892,4.0
38,196,4.0
38,1036,5.0
39,0,5.0
39,350,5.0
39,332,4.0
39,353,4.0
39,1285,4.0
39,333,5.0
39,357,4.0
39,359,4.0
39,361,5.0
39,1286,5.0
39,1031,4.0
39,6,4.0
39,646,5.0
39,1287,4.0
39,373,5.0
39,7,4.0
39,374,4.0
39,9,5.0
39,460,4.0
39,1288,4.0
39,1289,4.0
39,1199,5.0
39,1290,4.0
39,1291,4.0
39,513,5.0
39,1200,4.0
39,383,5.0
39,12,4.0
39,384,4.0
39,388,4.0
39,237,5.0
39,608,4.0
39,1048,5.0
39,395,5.0
39,339,5.0
39,1265,5.0
39,1292,5.0
39,1213,5.0
39,1214,5.0
39,398,5.0
39,401,4.0
39,402,5.0
39,1293,4.0
39,404,5.0
39,1268,4.0
39,407,5.0
39,408,4.0
39,17,4.0
39,413,5.0
39,18,4.0
39,1294,4.0
39,702,5.0
39,420,4.0
39,422,4.0
39,426,5.0
39,1295,5.0
39,25,5.0
39,246,4.0
39,26,4.0
39,27,4.0
39,435,4.0
39,1271,4.0
39,1296,5.0
40,647,4.0
40,339,5.0
40,512,4.0
40,28,4.0
40,343,4.0
40,30,4.0
40,704,4.0
40,59,5.0
40,268,4.0
40,269,4.5
40,685,5.0
40,271,5.0
40,580,5.0
40,87,4.0
40,581,4.0
40,715,4.0
40,1034,5.0
40,716,4.0
40,124,4.0
40,149,4.0
40,1297,5.0
40,155,4.0
40,163,4.0
40,308,4.0
40,1298,4.0
40,187,4.0
40,1299,5.0
40,624,4.0
40,1300,4.0
40,1301,5.0
40,933,4.0
40,670,4.0
40,1063,4.0
40,325,4.0
40,1302,5.0
40,1039,5.0
40,1124,5.0
40,671,4.0
40,1303,4.0
40,485,4.0
40,735,4.0
40,693,4.0
40,1304,5.0
40,1305,4.0
40,737,4.0
40,1306,5.0
40,201,5.0
40,532,4.5
40,1307,5.0
40,1308,5.0
40,744,4.0
40,1043,5.0
40,499,4.0
40,1309,4.0
40,1140,4.0
40,753,4.0
40,1310,4.0
40,1311,4.0
40,1076,4.0
40,1312,4.0
40,1313,4.0
40,1314,4.0
40,1149,4.0
40,1315,4.0
40,1316,4.0
40,1317,4.0
40,1318,4.0
40,1044,5.0
40,775,4.5
40,1000,4.0
40,1319,4.0
40,1320,4.0
40,782,4.0
40,206,4.0
40,545,4.0
40,1321,4.0
40,788,4.0
40,1322,4.0
40,1323,5.0
40,550,4.0
40,1324,4.0
40,552,4.0
40,1325,4.0
40,1326,4.0
40,812,4.0
40,1327,5.0
40,1328,4.0
40,1329,4.0
40,214,4.0
40,1330,4.0
40,1331,5.0
40,1332,4.0
40,1333,4.0
40,1334,4.0
41,1,4.0
41,955,5.0
41,347,5.0
41,349,5.0
41,332,4.0
41,351,5.0
41,3,4.0
41,4,5.0
41,363,4.0
41,368,4.0
41,6,4.0
41,1335,4.0
41,373,5.0
41,509,4.0
41,510,4.0
41,513,5.0
41,382,4.0
41,1336,4.0
41,11,4.0
41,1337,4.0
41,388,4.0
41,511,5.0
41,13,5.0
41,393,4.0
41,610,5.0
41,339,5.0
41,402,4.0
41,14,5.0
41,15,4.0
41,407,4.0
41,16,5.0
41,413,4.0
41,1338,4.0
41,612,4.0
41,1339,4.0
41,1340,4.0
41,419,4.0
41,1341,4.0
41,1342,4.0
41,20,4.0
41,423,4.0
41,1109,4.0
41,613,4.0
41,22,4.0
41,1343,4.0
41,1344,4.0
41,1345,5.0
41,24,4.0
41,25,5.0
41,703,5.0
41,26,4.0
41,28,5.0
41,434,5.0
41,462,5.0
41,247,4.0
41,1346,4.0
41,1347,5.0
41,615,5.0
41,256,5.0
41,464,5.0
41,1272,4.0
41,679,4.0
41,47,5.0
41,457,4.0
41,50,5.0
41,51,5.0
41,680,5.0
41,53,4.0
41,1348,4.0
41,465,5.0
41,1349,5.0
41,54,4.0
41,1350,4.0
41,57,5.0
41,61,5.0
41,62,5.0
41,682,5.0
41,65,5.0
41,1351,5.0
41,708,5.0
41,709,5.0
41,70,5.0
41,71,4.0
41,860,4.0
41,1190,4.0
41,1352,4.0
41,1353,4.0
41,712,4.0
41,1354,5.0
41,1355,5.0
41,1206,4.0
41,1356,4.0
41,276,4.0
41,1357,4.0
41,1358,4.0
41,1359,4.0
41,1360,4.0
41,79,5.0
41,80,5.0
41,82,4.0
41,958,4.0
41,576,4.0
41,578,4.0
41,467,4.0
41,1361,4.0
41,86,4.0
41,1362,4.0
41,617,5.0
41,1363,4.0
41,1364,4.0
41,1233,5.0
41,200,5.0
41,959,5.0
41,713,4.0
41,581,5.0
41,91,4.0
41,1365,4.0
41,1098,4.0
41,1366,4.0
41,584,4.0
41,715,4.0
41,285,4.0
41,96,5.0
41,618,4.0
41,619,4.0
41,1367,5.0
41,100,5.0
41,869,5.0
41,1099,4.0
41,1368,4.0
41,112,4.0
41,1369,4.0
41,688,4.0
41,1370,4.0
41,121,4.0
41,1113,5.0
41,1371,4.0
41,1372,4.0
41,1373,4.0
41,124,5.0
41,1374,4.0
41,1375,4.0
41,872,5.0
41,1376,5.0
41,960,5.0
41,1101,4.0
41,874,5.0
41,961,4.0
41,130,4.0
41,134,5.0
41,1115,4.0
41,1377,4.0
41,136,5.0
41,1378,4.0
41,1242,4.0
41,962,5.0
41,1379,4.0
41,139,5.0
41,140,4.0
41,1380,4.0
41,1381,4.0
41,470,4.0
41,298,4.0
41,592,4.0
41,150,4.0
41,1382,4.0
41,963,5.0
41,1383,4.0
41,1297,5.0
41,1384,4.0
41,878,5.0
41,1385,4.0
41,300,5.0
41,1386,4.0
41,1387,4.0
41,918,4.0
41,1388,4.0
41,1389,4.0
41,1390,5.0
41,1391,4.0
41,1392,4.0
41,1393,4.0
41,879,4.0
41,881,4.0
41,165,4.0
41,964,5.0
41,965,5.0
41,168,4.0
41,169,4.0
41,967,5.0
41,1394,4.0
41,1116,5.0
41,1395,4.0
41,1396,4.0
41,1397,4.0
41,309,4.0
41,1398,4.0
41,1399,4.0
41,1400,4.0
41,176,4.0
41,1401,4.0
41,1402,4.0
41,1403,4.0
41,690,4.0
41,1404,4.0
41,1405,4.0
41,1406,4.0
41,1407,4.0
41,1408,4.0
41,314,4.0
41,181,4.0
41,182,5.0
41,183,5.0
41,1284,4.0
41,1409,5.0
41,1410,4.0
41,1121,4.0
41,1411,4.0
41,188,4.0
41,1249,4.0
41,1412,4.0
41,601,4.0
41,928,5.0
41,1413,5.0
41,1414,4.0
41,1415,5.0
41,974,4.0
41,724,5.0
41,1416,4.0
41,474,4.0
41,1301,4.0
41,933,4.0
41,322,5.0
41,1417,5.0
41,1418,4.0
41,1419,4.0
41,1420,4.0
41,1421,5.0
41,725,5.0
41,1422,4.0
41,1423,4.0
41,1424,5.0
41,1425,4.0
41,1426,4.0
41,1427,5.0
41,1428,4.0
41,1429,4.0
41,1430,5.0
41,1431,4.0
41,975,5.0
41,1432,5.0
41,1433,4.0
41,1434,4.0
41,976,4.0
41,1435,5.0
41,1436,4.0
41,1437,4.0
41,1438,4.0
41,1439,4.0
42,0,5.0
42,1,5.0
42,345,5.0
42,346,5.0
42,1440,5.0
42,955,4.0
42,347,4.0
42,1441,5.0
42,1047,5.0
42,333,5.0
42,3,4.0
42,895,5.0
42,1442,5.0
42,359,5.0
42,1443,5.0
42,367,4.0
42,1444,5.0
42,1031,5.0
42,373,5.0
42,1445,5.0
42,374,5.0
42,1270,4.0
42,460,5.0
42,376,5.0
42,1446,5.0
42,509,4.0
42,1447,4.0
42,1448,4.0
42,1449,5.0
42,382,4.0
42,1450,5.0
42,511,4.0
42,586,5.0
42,1451,4.0
42,337,5.0
42,390,5.0
42,391,5.0
42,393,5.0
42,394,5.0
42,396,5.0
42,400,4.0
42,401,4.0
42,402,4.0
42,1452,5.0
42,403,5.0
42,405,4.0
42,1453,4.0
42,1268,4.0
42,407,4.0
42,408,4.0
42,411,5.0
42,16,5.0
42,17,5.0
42,413,5.0
42,18,5.0
42,1454,5.0
42,1455,5.0
42,1456,4.0
42,1457,5.0
42,1458,5.0
42,418,4.0
42,419,5.0
42,1459,5.0
42,1342,5.0
42,422,4.0
42,20,5.0
42,21,4.0
42,1460,5.0
42,427,5.0
42,1461,5.0
42,1462,5.0
42,1463,5.0
42,1464,4.0
42,431,4.0
42,24,5.0
42,25,4.0
42,1465,5.0
42,433,5.0
42,246,5.0
42,571,5.0
42,26,4.0
42,27,5.0
42,342,5.0
42,343,5.0
42,29,5.0
42,434,5.0
42,435,5.0
42,1271,5.0
42,436,5.0
42,437,5.0
42,462,5.0
42,31,5.0
42,442,5.0
42,445,5.0
42,1346,5.0
42,1466,5.0
42,1467,5.0
42,458,5.0
42,48,5.0
42,262,5.0
42,1468,5.0
42,710,5.0
43,1469,4.0
43,334,4.0
43,1212,4.0
43,367,4.0
43,368,4.0
43,369,5.0
43,13,5.0
43,1470,4.0
43,1471,4.0
43,32,5.0
43,1472,5.0
43,1347,4.0
43,451,4.0
43,1473,4.0
43,1474,4.0
43,61,5.0
43,1206,4.0
43,687,4.0
43,1208,5.0
43,1357,5.0
43,80,4.0
43,81,4.0
43,598,5.0
44,0,4.0
44,2,4.0
44,1475,4.5
44,332,4.0
44,354,4.5
44,4,5.0
44,361,4.0
44,1476,4.0
44,1477,4.0
44,368,5.0
44,1031,4.0
44,6,5.0
44,369,4.0
44,373,5.0
44,460,5.0
44,701,4.0
44,10,5.0
44,513,5.0
44,11,5.0
44,388,4.0
44,13,5.0
44,396,4.0
44,339,5.0
44,400,4.0
44,403,4.0
44,14,4.0
44,1268,4.0
44,16,5.0
44,512,4.0
44,17,5.0
44,413,5.0
44,18,4.0
44,242,4.0
44,416,4.0
44,20,4.0
44,340,5.0
44,21,4.0
44,427,4.0
44,1463,4.0
44,23,5.0
44,24,4.0
44,246,5.0
44,571,5.0
44,26,4.0
44,28,4.0
44,342,4.0
44,343,5.0
44,462,4.0
44,1269,4.0
44,32,4.0
44,1478,4.0
44,704,4.0
44,1188,4.0
44,1479,4.0
44,1480,4.5
44,451,4.0
44,615,5.0
44,855,4.0
44,464,4.0
44,900,4.0
44,42,4.0
44,1481,4.0
44,901,5.0
44,1482,4.0
44,1226,5.0
44,47,5.0
44,48,4.0
44,49,4.0
44,53,5.0
44,465,4.0
44,54,4.0
44,55,5.0
44,56,5.0
44,57,5.0
44,58,4.0
44,61,5.0
44,62,5.0
44,682,4.0
44,269,4.0
44,1164,5.0
44,709,5.0
44,685,5.0
44,74,5.0
44,75,5.0
44,1190,5.0
44,710,4.0
44,1483,4.5
44,862,5.0
44,1484,4.0
44,1206,5.0
44,1071,4.0
44,1485,4.5
44,1486,4.0
44,1487,4.0
44,1356,4.0
44,1359,4.0
44,80,5.0
44,864,4.0
44,865,4.0
44,1488,4.0
44,82,5.0
44,466,5.0
44,1489,4.0
44,578,4.0
44,467,4.0
44,598,4.0
44,277,4.0
44,617,4.0
44,1490,4.0
44,1235,4.0
44,905,4.0
44,200,5.0
44,580,4.0
44,713,4.0
44,87,5.0
44,1491,4.0
44,88,4.0
44,581,4.0
44,1492,5.0
44,1493,4.0
44,1111,5.0
44,584,5.0
44,715,4.0
44,285,4.0
44,1246,5.0
44,100,5.0
44,1494,4.0
44,106,5.0
44,906,4.0
44,869,5.0
44,907,5.0
44,909,4.0
44,109,4.0
44,1495,5.0
44,112,4.5
44,1496,4.0
44,870,4.0
44,1497,4.0
44,1498,5.0
44,121,5.0
44,1373,4.0
44,716,5.0
44,124,5.0
44,912,5.0
44,873,4.0
44,1499,5.0
44,589,4.0
44,135,4.0
44,1500,4.0
44,136,5.0
44,1501,4.0
44,1502,4.0
44,962,4.0
44,139,5.0
44,140,5.0
44,1380,4.0
44,142,4.0
44,143,4.0
44,914,5.0
44,298,4.0
44,915,4.0
44,592,5.0
44,150,5.0
44,963,4.0
44,1383,4.0
44,1503,4.0
44,151,4.0
44,1504,4.0
44,299,5.0
44,878,4.0
44,1385,5.0
44,300,4.0
44,153,4.0
44,1505,4.0
44,155,5.0
44,1391,5.0
44,1393,4.0
44,158,4.0
44,879,5.0
44,160,4.0
44,163,5.0
44,165,4.0
44,168,4.0
44,169,4.0
44,171,4.0
44,967,4.0
44,471,5.0
44,174,5.0
44,309,4.0
44,1506,4.0
44,1507,4.0
44,176,4.0
44,1508,4.0
44,177,4.0
44,1405,4.0
44,1406,4.0
44,888,4.0
44,314,4.0
44,889,4.0
44,1284,4.0
44,622,4.0
44,1509,4.0
44,1510,4.0
44,926,4.0
44,1411,5.0
44,623,4.0
44,1511,4.0
44,187,5.0
44,188,4.0
44,1249,5.0
44,1412,4.0
44,601,5.0
44,196,5.0
44,602,5.0
44,1512,5.0
44,319,5.0
44,605,5.0
44,931,5.0
44,1301,5.0
44,321,4.0
44,322,4.0
44,1513,5.0
44,475,5.0
44,1514,5.0
44,1515,5.0
44,978,5.0
44,1516,5.0
44,477,5.0
44,329,4.0
44,1517,5.0
44,1518,4.0
44,478,5.0
44,1519,4.0
44,479,5.0
44,1520,4.0
44,1521,5.0
44,730,5.0
44,947,5.0
44,731,5.0
44,481,4.0
44,521,4.0
44,1522,5.0
44,1523,5.0
44,1524,5.0
44,1525,5.0
44,485,5.0
44,1304,5.0
44,487,5.0
44,488,5.0
44,1305,4.0
44,737,5.0
44,489,5.0
44,1307,5.0
44,1526,4.0
44,986,5.0
44,495,5.0
44,747,5.0
44,991,4.0
44,1527,4.0
44,626,5.0
44,993,5.0
44,1315,5.0
44,1528,4.5
44,997,4.0
44,998,4.0
44,999,5.0
44,1529,4.5
44,1530,4.5
44,1316,5.0
44,769,4.5
45,0,5.0
45,354,4.0
45,4,5.0
45,6,5.0
45,646,4.0
45,1445,4.0
45,375,4.0
45,460,4.0
45,1289,5.0
45,509,4.0
45,384,4.0
45,511,4.0
45,608,5.0
45,396,5.0
45,400,4.0
45,402,4.0
45,405,5.0
45,413,5.0
45,18,4.0
45,416,5.0
45,419,4.0
45,422,5.0
45,20,5.0
45,246,5.0
45,26,5.0
45,28,5.0
45,343,5.0
46,402,4.0
46,16,4.5
46,1531,4.5
46,428,4.0
46,433,4.0
46,902,4.0
46,53,4.0
46,715,4.0
46,100,4.0
46,174,5.0
46,1532,4.0
46,1533,4.0
46,1041,4.0
46,1534,4.0
46,1140,4.0
46,1310,4.5
46,1535,5.0
46,1536,5.0
46,1317,4.0
46,1537,4.0
46,1159,4.0
46,1538,4.0
46,1539,4.0
46,1540,4.0
46,632,4.5
46,1541,4.0
46,1542,4.0
46,1543,4.0
46,1544,4.0
46,214,5.0
46,1545,5.0
46,1546,4.0
46,1547,4.0
47,895,4.0
47,1548,4.0
47,1549,4.0
47,710,4.5
47,1359,4.0
47,864,4.0
47,958,5.0
47,466,4.5
47,86,4.5
47,617,4.5
47,1550,4.5
47,869,4.5
47,112,5.0
47,688,4.0
47,139,5.0
47,1248,4.5
47,153,4.0
47,477,5.0
47,730,4.0
47,481,4.5
47,1551,4.0
47,1552,4.0
47,1553,4.0
47,496,4.5
48,6,4.0
48,402,4.0
48,16,4.0
48,22,4.5
48,53,4.5
48,616,4.5
48,63,4.0
48,100,4.5
48,139,4.5
48,1301,4.5
48,518,4.0
48,737,4.0
48,1554,4.5
48,1080,4.0
48,548,4.0
48,208,4.5
48,557,4.0
48,638,4.5
48,1555,4.0
48,1334,4.5
48,844,4.5
49,646,4.0
49,339,4.0
49,648,4.0
49,30,4.0
49,463,4.0
49,615,4.0
49,251,4.0
49,855,4.0
49,35,4.0
49,464,4.5
49,55,4.0
49,655,4.0
49,681,4.0
49,1163,4.5
49,59,4.0
49,60,4.5
49,1052,4.0
49,1556,4.5
49,660,4.0
49,685,4.0
49,1055,4.0
49,469,4.0
49,1034,4.0
49,1557,4.0
49,1558,4.0
49,1559,4.0
49,1560,4.0
49,1561,4.0
49,482,4.0
49,1562,4.0
49,1563,4.0
49,1564,4.0
49,1565,4.0
49,1566,4.0
49,1567,4.0
49,1568,4.0
49,1569,4.0
49,1570,4.0
50,344,4.5
50,1,4.0
50,346,4.0
50,1476,5.0
50,362,5.0
50,646,5.0
50,568,4.0
50,1571,4.0
50,384,5.0
50,336,5.0
50,13,5.0
50,400,4.5
50,405,4.0
50,416,4.0
50,423,4.5
50,1202,5.0
50,1572,4.0
50,1463,4.5
50,849,5.0
50,703,4.5
50,571,5.0
50,28,5.0
50,1271,4.0
50,436,4.0
50,1548,4.0
50,247,4.0
50,1573,4.5
50,1574,4.0
50,33,5.0
50,1575,4.0
50,217,4.5
50,464,5.0
50,1162,5.0
50,1576,5.0
50,40,4.0
50,1481,4.0
50,858,5.0
50,902,4.0
50,680,5.0
50,1577,4.5
50,56,5.0
50,616,5.0
50,681,4.0
50,63,5.0
50,1273,5.0
50,66,5.0
50,1578,5.0
50,1579,5.0
50,1580,4.0
50,1110,5.0
50,1581,4.5
50,663,4.0
50,1165,5.0
50,664,5.0
50,76,5.0
50,1582,4.5
50,1190,5.0
50,1583,5.0
50,1584,4.5
50,711,5.0
50,1353,5.0
50,1194,4.5
50,1358,4.5
50,79,5.0
50,958,5.0
50,598,5.0
50,277,4.0
50,1362,5.0
50,1363,5.0
50,1585,4.0
50,516,5.0
50,1586,4.0
50,581,5.0
50,280,4.0
50,1587,5.0
50,1588,5.0
50,1033,5.0
50,95,5.0
50,1277,4.0
50,1589,5.0
50,1590,5.0
50,1591,4.0
50,101,4.5
50,1099,4.0
50,1496,4.0
50,870,5.0
50,1592,4.0
50,1593,4.0
50,1594,4.0
50,1595,4.0
50,1596,5.0
50,688,5.0
50,1597,5.0
50,1598,5.0
50,1599,4.5
50,123,4.0
50,1169,5.0
50,1372,5.0
50,1600,5.0
50,1601,4.0
50,1602,4.0
50,1603,5.0
50,1280,4.5
50,1604,4.0
50,1605,4.5
50,133,4.0
50,1606,4.0
50,140,5.0
50,1381,4.0
50,1607,5.0
50,1608,4.5
50,1609,4.0
50,299,5.0
50,1610,5.0
50,300,4.0
50,153,5.0
50,1611,4.0
50,1390,4.5
50,156,4.0
50,1612,5.0
50,719,4.0
50,1613,4.0
50,884,5.0
50,1614,5.0
50,667,5.0
50,1615,5.0
50,1616,5.0
50,1398,4.5
50,1617,4.0
50,1407,5.0
50,1170,4.5
50,1618,5.0
50,889,5.0
50,1619,4.0
50,890,5.0
50,1284,5.0
50,185,5.0
50,1620,4.0
50,190,5.0
50,691,4.0
50,668,5.0
50,1621,4.0
50,1622,5.0
50,604,5.0
50,1623,5.0
50,1624,5.0
50,624,5.0
50,1625,4.5
50,1626,5.0
50,1627,5.0
50,1415,5.0
50,930,5.0
50,322,5.0
50,1628,4.5
50,1629,4.0
50,725,5.0
50,1630,4.5
50,726,4.0
50,1631,5.0
50,1632,4.0
50,1633,5.0
50,1072,4.5
50,1634,5.0
50,1124,4.0
50,477,4.0
50,1635,4.0
50,1636,4.5
50,199,4.5
50,1303,5.0
50,521,4.0
50,1637,4.0
50,1638,4.0
50,483,5.0
50,525,5.0
50,1639,4.5
50,1171,5.0
50,1640,4.0
50,1641,5.0
50,1042,4.5
50,740,5.0
50,1642,5.0
50,1643,5.0
50,742,4.0
50,1644,5.0
50,743,4.5
50,1043,5.0
50,983,5.0
50,1645,5.0
50,1646,5.0
50,537,5.0
50,1647,4.0
50,1648,5.0
50,1649,5.0
50,1650,5.0
50,1651,4.0
50,1652,5.0
50,996,5.0
50,1175,5.0
50,1653,5.0
50,1078,5.0
50,1654,4.5
50,1655,5.0
50,1656,5.0
50,204,4.0
50,1001,5.0
50,1657,5.0
50,1658,5.0
51,373,4.0
51,13,4.0
51,647,4.0
51,402,5.0
51,16,5.0
51,413,5.0
51,246,5.0
51,32,5.0
51,56,4.0
51,61,5.0
51,200,5.0
51,581,4.0
51,584,5.0
51,716,4.0
51,139,5.0
51,163,4.5
51,601,4.0
51,319,4.5
51,1517,5.0
51,1125,4.0
51,1073,5.0
51,731,5.0
51,1041,4.5
51,201,4.5
51,492,5.0
51,1043,4.5
51,493,5.0
51,1646,4.0
51,747,5.0
51,1648,5.0
51,501,4.0
51,1141,5.0
51,1659,4.5
51,1143,4.5
51,1076,4.5
51,754,5.0
51,756,5.0
51,1650,4.0
51,1660,5.0
51,1661,5.0
51,760,5.0
51,763,4.0
51,1077,5.0
51,1554,4.0
51,1662,5.0
51,1663,5.0
51,996,5.0
51,627,5.0
51,203,4.0
51,1664,4.5
51,508,5.0
51,1149,5.0
51,1665,4.5
51,1666,4.5
51,1315,4.0
51,1667,5.0
51,1078,5.0
51,1668,4.0
51,1669,4.0
51,1670,5.0
51,1654,4.5
51,769,5.0
51,1671,4.0
51,1672,5.0
51,1673,5.0
51,1674,5.0
51,1675,5.0
51,770,5.0
51,771,5.0
51,773,4.0
51,1676,5.0
51,775,5.0
51,204,5.0
51,1000,5.0
51,1154,4.0
51,778,4.0
51,677,4.0
51,1156,4.0
51,1677,5.0
51,1678,4.0
51,1159,5.0
51,1679,4.0
51,1176,4.0
51,698,5.0
51,545,4.0
51,1680,5.0
51,1681,4.0
51,1080,5.0
51,1682,4.5
51,789,4.5
51,790,5.0
51,207,4.5
51,1683,5.0
51,548,4.0
51,208,5.0
51,1684,4.0
51,1685,5.0
51,803,5.0
51,1686,5.0
51,554,5.0
51,1542,5.0
51,1687,5.0
51,1688,5.0
51,1689,4.5
51,823,5.0
51,828,4.0
51,215,5.0
51,641,5.0
51,829,5.0
51,1186,5.0
51,642,5.0
51,1690,4.5
51,643,5.0
51,1028,5.0
52,1199,5.0
52,1691,5.0
52,1338,5.0
52,1692,5.0
52,1693,5.0
52,1694,5.0
52,1695,5.0
52,1696,5.0
52,514,5.0
52,46,5.0
52,1348,5.0
52,1697,5.0
52,69,5.0
52,76,5.0
52,1698,5.0
52,1699,5.0
52,142,5.0
52,1060,5.0
52,1116,5.0
52,932,5.0
53,402,4.0
53,16,4.0
53,28,4.0
54,72,4.0
54,1700,4.0
54,138,5.0
54,1391,4.0
54,721,5.0
54,605,5.0
54,1701,5.0
54,1310,4.5
54,763,4.5
54,203,5.0
54,769,4.0
55,955,4.0
55,347,4.0
55,1475,5.0
55,585,4.0
55,3,5.0
55,1702,4.0
55,6,4.0
55,1445,4.0
55,1270,4.0
55,1448,4.0
55,382,4.0
55,11,5.0
55,396,4.0
55,339,4.0
55,399,4.0
55,401,4.0
55,402,4.0
55,1268,5.0
55,15,4.0
55,16,5.0
55,413,5.0
55,416,4.0
55,20,4.0
55,21,5.0
55,1703,4.0
55,571,4.0
55,28,5.0
55,32,4.0
55,1704,4.0
56,0,5.0
56,354,4.0
56,4,5.0
56,1702,4.0
56,6,4.0
56,369,4.0
56,370,4.0
56,233,4.0
56,1705,4.0
56,1200,4.0
56,12,5.0
56,13,5.0
56,403,4.0
56,15,4.0
56,16,4.0
56,512,4.0
56,413,4.0
56,416,4.0
56,702,4.0
56,420,4.0
56,20,5.0
56,21,5.0
56,1470,4.0
56,429,4.0
56,22,5.0
56,648,5.0
56,849,4.0
56,25,4.0
56,246,4.0
56,571,4.0
56,27,4.0
56,28,5.0
56,342,4.0
56,343,5.0
56,29,4.0
56,30,4.0
56,462,4.0
56,850,4.0
56,851,5.0
56,650,4.0
56,463,5.0
56,704,4.0
56,1574,4.0
56,615,5.0
56,1706,4.0
56,1223,4.0
56,1707,4.0
56,251,5.0
56,855,4.0
56,253,5.0
56,254,5.0
56,1091,4.0
56,256,5.0
56,651,5.0
56,1708,5.0
56,258,4.0
56,514,4.0
56,35,5.0
56,464,5.0
56,857,4.0
56,36,4.0
56,1709,4.0
56,1710,4.0
56,1711,5.0
56,1092,4.0
56,1224,4.0
56,900,4.0
56,44,4.0
56,679,4.0
56,1712,4.0
56,49,4.0
56,465,4.0
56,54,4.0
56,55,5.0
56,653,5.0
56,1713,4.0
56,654,4.0
56,56,4.0
56,57,5.0
56,58,5.0
56,616,4.0
56,681,5.0
56,1163,5.0
56,59,4.0
56,60,4.0
56,61,4.0
56,706,5.0
56,64,4.0
56,682,5.0
56,65,4.0
56,657,4.0
56,67,4.0
56,684,5.0
56,68,4.0
56,1164,4.0
56,1579,5.0
56,1274,5.0
56,1110,4.0
56,270,5.0
56,660,5.0
56,1714,4.0
56,69,5.0
56,70,5.0
56,272,4.0
56,859,4.0
56,71,4.0
56,72,5.0
56,664,5.0
56,73,4.0
56,74,4.0
56,273,5.0
56,1056,5.0
56,860,4.0
56,1097,5.0
56,274,5.0
56,75,4.0
56,1583,5.0
56,710,4.0
56,862,4.0
56,712,5.0
56,863,4.0
56,1194,4.0
56,1208,4.0
56,1715,4.0
56,80,4.0
56,864,4.0
56,958,4.0
56,467,4.0
56,84,5.0
56,277,4.0
56,1716,4.0
56,617,5.0
56,1717,4.0
56,1233,4.0
56,1490,4.0
56,1235,4.0
56,1718,4.0
56,581,4.0
56,528,4.0
56,1493,4.0
56,1167,4.0
56,1033,4.0
56,94,4.0
56,285,4.0
56,96,5.0
56,1719,4.0
56,469,5.0
56,100,5.0
56,1720,5.0
56,906,4.0
56,869,5.0
56,909,4.0
56,1721,4.0
56,287,4.0
56,870,4.0
56,288,4.0
56,688,4.0
56,1722,5.0
56,121,4.0
56,123,4.0
56,1371,4.0
56,517,4.0
56,1373,4.0
56,1600,4.0
56,716,5.0
56,912,4.0
56,294,4.0
56,873,5.0
56,1723,4.0
56,129,4.0
56,1115,4.0
56,137,4.0
56,139,5.0
56,297,4.0
56,144,4.0
56,915,4.0
56,150,4.0
56,963,4.0
56,151,5.0
56,1724,4.0
56,152,4.0
56,299,5.0
56,1725,4.0
56,1610,4.0
56,300,5.0
56,918,4.0
56,155,5.0
56,158,4.0
56,1726,4.0
56,879,5.0
56,303,5.0
56,1727,4.0
56,1728,4.0
56,160,4.0
56,719,4.0
56,881,4.0
56,964,4.0
56,168,4.0
56,1729,4.0
56,966,5.0
56,1730,5.0
56,1731,4.0
56,305,4.0
56,1732,4.0
56,1733,5.0
56,720,4.0
56,1104,4.0
56,1734,4.0
56,667,5.0
56,471,4.0
56,885,4.0
56,1401,4.0
56,1735,5.0
56,888,4.0
56,1736,4.0
56,1737,4.0
56,181,4.0
56,1738,4.0
56,1739,4.0
56,890,5.0
56,184,4.0
56,1740,5.0
56,1741,4.0
56,1742,4.0
56,1411,4.0
56,187,4.0
56,600,4.0
56,1743,4.0
56,1744,4.0
56,970,4.0
56,1745,4.0
56,190,4.0
56,691,4.0
56,194,4.0
56,1746,4.0
56,1747,4.0
56,603,4.0
56,1108,5.0
56,199,4.0
57,345,4.0
57,346,5.0
57,332,4.0
57,1285,4.0
57,354,5.0
57,334,4.0
57,585,5.0
57,3,5.0
57,4,5.0
57,6,5.0
57,373,4.0
57,1270,4.0
57,460,4.0
57,376,5.0
57,1448,4.0
57,1291,5.0
57,381,5.0
57,11,5.0
57,1337,4.0
57,1691,5.0
57,337,4.0
57,237,4.0
57,394,5.0
57,1748,5.0
57,609,4.0
57,396,4.0
57,647,5.0
57,339,5.0
57,1265,5.0
57,399,5.0
57,402,5.0
57,1293,4.0
57,14,5.0
57,404,5.0
57,405,5.0
57,239,5.0
57,240,4.0
57,407,4.0
57,16,4.0
57,17,5.0
57,413,4.0
57,18,4.0
57,242,4.0
57,1294,4.0
57,415,5.0
57,420,4.0
57,20,5.0
57,340,5.0
57,243,5.0
57,425,4.0
57,21,4.0
57,1202,5.0
57,428,5.0
57,22,5.0
57,570,5.0
57,614,5.0
57,23,5.0
57,849,5.0
57,433,4.0
57,246,5.0
57,571,4.0
57,342,5.0
57,343,5.0
57,29,4.0
57,434,5.0
57,436,4.0
57,462,5.0
57,247,5.0
57,444,5.0
57,48,5.0
58,355,5.0
58,1749,4.0
58,646,5.0
58,13,4.0
58,18,4.0
58,22,5.0
58,648,5.0
58,571,4.0
58,28,5.0
58,30,5.0
58,439,4.0
58,462,5.0
58,32,4.0
58,463,5.0
58,444,4.0
58,615,5.0
58,855,5.0
58,253,5.0
58,1750,5.0
58,256,5.0
58,651,5.0
58,514,4.0
58,464,5.0
58,1751,5.0
58,1576,5.0
58,1092,5.0
58,263,4.0
58,51,4.0
58,1752,5.0
58,53,5.0
58,1753,5.0
58,1713,5.0
58,266,5.0
58,56,4.0
58,60,5.0
58,706,5.0
58,268,5.0
58,682,4.0
58,65,5.0
58,66,5.0
58,1053,5.0
58,1580,5.0
58,659,5.0
58,270,5.0
58,660,5.0
58,686,5.0
58,859,5.0
58,665,5.0
58,1192,4.0
58,1754,4.0
58,82,5.0
58,467,4.0
58,84,4.0
58,86,5.0
58,1755,5.0
58,516,5.0
58,1756,5.0
58,1757,5.0
58,93,5.0
58,1758,4.0
58,1033,5.0
58,1759,5.0
58,100,5.0
58,1720,5.0
58,1760,5.0
58,286,5.0
58,1034,5.0
58,1375,5.0
58,130,5.0
58,1761,5.0
58,1061,5.0
58,878,5.0
58,159,5.0
58,881,5.0
58,1762,5.0
58,310,5.0
58,1763,5.0
58,1401,5.0
58,178,4.0
58,182,5.0
58,1764,4.0
58,722,5.0
58,890,4.0
58,184,4.0
58,1765,5.0
58,1766,4.0
58,199,4.0
58,1767,5.0
59,402,4.0
59,17,4.0
59,22,5.0
59,445,4.0
59,1347,4.0
59,615,5.0
59,1164,4.0
59,288,4.0
59,1768,4.0
59,178,4.0
59,1769,4.0
59,693,4.0
59,204,5.0
60,349,4.0
60,354,4.5
60,4,4.5
60,12,4.0
60,608,4.0
60,647,4.5
60,402,5.0
60,703,4.5
60,28,4.0
60,50,4.5
60,51,4.0
60,681,4.5
60,60,4.5
60,62,4.0
60,63,4.5
60,685,4.0
60,1583,5.0
60,617,4.5
60,624,4.5
60,605,4.5
60,670,4.5
60,1124,4.0
60,479,4.5
60,484,4.5
60,1171,4.0
60,1770,4.0
60,201,4.0
60,492,4.5
60,744,4.0
60,1043,4.0
60,1701,4.0
60,1140,4.5
61,344,4.0
61,2,4.5
61,3,4.5
61,6,4.5
61,13,4.5
61,647,5.0
61,339,4.5
61,402,4.0
61,16,5.0
61,1456,4.5
61,22,4.5
61,1771,4.0
61,28,5.0
61,704,4.5
61,615,5.0
61,50,5.0
61,53,4.5
61,654,4.0
61,56,4.5
61,58,4.5
61,267,5.0
61,61,4.5
61,682,5.0
61,709,4.5
61,70,4.0
61,71,4.5
61,75,4.5
61,467,4.0
61,1362,5.0
61,617,5.0
61,1235,4.5
61,200,5.0
61,580,4.0
61,87,4.5
61,715,5.0
61,619,5.0
61,98,4.5
61,1367,5.0
61,100,4.0
61,112,4.5
61,1496,5.0
61,124,4.5
61,139,5.0
61,143,4.5
61,299,4.5
61,163,5.0
61,666,4.0
61,174,5.0
61,1400,4.5
61,187,4.5
61,1299,4.0
61,624,4.5
61,1626,4.5
61,1627,4.5
61,605,4.5
61,606,5.0
61,1123,4.5
61,725,5.0
61,1124,4.0
61,329,4.5
61,478,4.5
61,671,4.5
61,479,5.0
61,480,4.5
61,730,4.0
61,947,4.5
61,948,4.5
61,481,4.0
61,1523,4.0
61,482,5.0
61,1525,5.0
61,483,4.5
61,1552,4.5
61,484,5.0
61,485,4.5
61,735,4.5
61,488,5.0
61,1305,4.0
61,489,4.0
61,201,5.0
61,982,5.0
61,491,4.0
61,492,5.0
61,743,4.0
61,1308,4.0
61,744,4.5
61,1043,5.0
61,536,4.0
61,987,4.5
61,988,4.5
61,496,4.0
61,1772,4.0
61,1773,4.5
61,748,4.5
61,501,4.5
61,502,5.0
61,1774,4.5
61,1775,4.0
61,1776,4.0
61,1701,4.5
61,752,4.5
61,1659,4.5
61,1777,4.5
61,1778,4.0
61,626,4.5
61,1142,4.0
61,540,5.0
61,754,4.0
61,755,4.0
61,756,4.0
61,759,4.0
61,994,4.5
61,1779,4.0
61,1780,4.0
61,760,5.0
61,764,4.5
61,1781,4.0
61,1077,4.0
61,1554,5.0
61,1663,4.0
61,1147,4.0
61,676,4.5
61,203,4.5
61,628,5.0
61,1782,4.0
61,508,4.5
61,1149,4.5
61,1783,5.0
61,767,4.5
61,1078,4.5
61,768,4.5
61,1784,4.0
61,998,4.5
61,999,5.0
61,1655,4.5
61,1671,4.0
61,1674,4.5
61,1044,5.0
61,1785,4.0
61,1151,4.0
61,1537,4.5
61,774,4.5
61,204,5.0
61,1786,4.0
61,1787,4.0
61,677,4.5
61,1156,4.5
61,1788,4.0
61,1789,4.0
61,1679,4.5
61,1079,4.5
61,1790,4.5
61,1791,4.0
61,206,4.0
61,1792,4.0
61,1793,4.0
61,545,5.0
61,1680,4.0
61,630,4.5
61,1003,4.5
61,1794,4.5
61,789,4.0
61,790,5.0
61,207,4.0
61,1795,5.0
61,208,5.0
61,1796,4.5
61,796,4.0
61,1797,4.0
61,1798,4.5
61,549,5.0
61,1799,4.0
61,632,4.0
61,1800,4.5
61,1801,4.0
61,1802,4.0
61,1803,4.0
61,801,4.0
61,1008,4.5
61,802,4.0
61,550,4.0
61,1804,4.0
61,803,4.0
61,1805,4.5
61,805,4.0
61,551,5.0
61,806,5.0
61,1806,4.5
61,556,4.5
61,1807,4.0
61,1182,5.0
61,1325,4.0
61,1326,4.0
61,634,4.5
61,811,4.5
61,812,5.0
61,1808,4.0
61,635,4.0
61,1809,4.0
61,815,4.0
61,1810,4.0
61,816,4.0
61,559,4.5
61,1811,4.0
61,817,4.0
61,1812,5.0
61,213,4.0
61,1328,4.5
61,1813,4.0
61,1814,4.0
61,1815,4.0
61,819,5.0
61,638,5.0
61,1816,4.0
61,1817,4.0
61,820,4.0
61,639,4.0
61,214,4.0
61,640,4.0
61,1545,4.5
61,823,4.0
61,1818,4.0
61,1819,4.0
61,1820,4.5
61,1821,5.0
61,1822,5.0
61,1823,4.5
61,1330,4.5
61,1824,4.0
61,825,4.0
61,826,4.5
61,1185,4.0
61,1331,4.0
61,827,4.5
61,1825,4.0
61,215,4.0
61,641,4.0
61,1826,4.0
61,1827,4.0
61,1186,4.5
61,1084,4.0
61,1085,4.0
61,830,4.0
61,1555,4.0
61,1025,4.5
61,831,4.0
61,1828,4.0
61,1333,5.0
61,1829,4.0
61,1830,4.0
61,565,4.5
61,1831,4.0
61,1334,4.0
61,567,4.0
61,1832,4.0
61,837,5.0
61,841,4.0
61,1833,4.5
61,1834,4.0
61,1835,4.0
61,1029,4.0
61,645,4.5
61,1836,4.5
61,1837,4.5
61,1838,4.0
61,844,5.0
61,1839,4.0
61,1840,5.0
61,1841,4.0
61,1842,5.0
61,1843,4.0
61,1086,4.0
61,1844,5.0
61,1845,4.0
61,1846,4.0
61,1847,4.5
61,848,5.0
61,1089,4.0
61,1848,4.0
62,0,5.0
62,3,4.0
62,4,5.0
62,460,4.0
62,13,5.0
62,339,5.0
62,402,5.0
62,1268,5.0
62,512,4.0
62,413,4.0
62,18,4.0
62,22,4.0
62,246,4.0
62,571,4.0
62,27,4.0
62,30,4.5
62,462,4.0
62,650,5.0
62,704,4.0
62,615,4.0
62,256,4.0
62,651,4.0
62,1162,4.0
62,679,4.0
62,49,5.0
62,262,4.0
62,55,5.0
62,653,5.0
62,654,4.0
62,56,5.0
62,58,5.0
62,681,4.0
62,1849,4.0
62,267,4.0
62,60,5.0
62,61,4.5
62,62,4.0
62,64,5.0
62,682,4.0
62,657,5.0
62,1096,4.0
62,71,5.0
62,74,4.0
62,274,5.0
62,75,4.0
62,84,4.0
62,1850,4.5
62,285,4.0
62,106,5.0
62,112,4.0
62,124,4.0
62,138,4.5
62,149,4.5
62,151,5.0
62,1610,5.0
62,300,4.0
62,155,5.0
62,163,5.0
62,1851,4.0
62,1737,4.0
62,1284,4.0
62,1121,4.0
62,927,4.0
62,624,5.0
62,319,4.0
62,1852,4.0
62,478,4.0
62,939,4.0
62,479,4.0
62,480,4.0
62,1125,4.0
62,518,4.0
62,731,4.0
62,481,4.0
62,732,4.0
62,482,4.0
62,1041,5.0
62,485,4.0
62,693,4.5
62,1853,5.0
62,694,4.5
62,1171,4.0
62,489,4.0
62,1854,4.0
62,492,4.0
62,744,5.0
62,1855,4.5
62,1646,4.0
62,1648,5.0
62,1856,4.0
62,1857,4.0
62,697,4.0
62,1777,5.0
62,1858,5.0
62,758,5.0
62,764,4.0
62,1859,4.0
62,203,4.5
62,1175,5.0
62,508,4.0
62,1667,5.0
62,1860,4.0
62,1316,4.0
62,769,4.0
62,775,5.0
62,204,5.0
62,1001,4.0
62,677,4.0
62,1861,4.5
62,1862,4.0
62,545,4.0
62,1681,4.0
62,1682,4.0
62,790,4.0
62,207,4.0
62,1863,5.0
62,1864,5.0
62,678,4.0
62,796,5.0
62,1865,4.0
62,549,4.5
62,1800,4.0
62,1866,5.0
62,801,4.0
62,802,4.0
62,1867,5.0
62,1868,5.0
62,551,5.0
62,1009,4.0
62,1806,4.0
62,1869,5.0
62,1870,5.0
62,1871,4.0
62,1807,4.5
62,1183,5.0
62,1872,5.0
62,1873,5.0
62,814,4.5
62,1874,4.0
62,560,5.0
62,1184,5.0
62,1816,4.0
62,639,4.0
62,1021,5.0
62,823,4.0
62,1022,5.0
62,1826,4.0
62,643,5.0
63,0,4.0
63,2,4.5
63,349,5.0
63,354,4.0
63,333,4.5
63,334,4.0
63,585,4.0
63,3,4.5
63,1476,4.0
63,6,4.0
63,646,4.0
63,11,4.5
63,511,4.0
63,608,5.0
63,647,4.0
63,339,4.5
63,402,5.0
63,14,4.5
63,409,4.0
63,16,4.0
63,512,4.5
63,413,4.0
63,1875,4.0
63,21,4.0
63,613,4.0
63,1463,4.0
63,22,5.0
63,25,4.0
63,703,4.0
63,1876,4.0
63,433,4.0
63,246,4.0
63,571,4.0
63,26,5.0
63,28,5.0
63,29,4.0
63,30,4.0
63,1877,4.5
63,247,4.5
63,704,5.0
63,615,5.0
63,254,4.0
63,34,4.0
63,900,4.0
63,42,4.0
63,48,4.0
63,858,4.5
63,902,4.0
63,50,4.0
63,51,5.0
63,52,4.5
63,1752,4.5
63,1878,5.0
63,53,4.5
63,55,4.0
63,653,4.0
63,1713,4.0
63,654,5.0
63,57,4.5
63,267,5.0
63,1163,5.0
63,656,4.0
63,60,5.0
63,62,5.0
63,63,4.0
63,1273,4.0
63,1879,5.0
63,682,5.0
63,65,4.0
63,269,4.0
63,683,4.0
63,270,5.0
63,686,4.5
63,70,4.0
63,664,4.0
63,1097,4.5
63,274,4.5
63,1700,5.0
63,1190,4.0
63,1880,4.0
63,1881,4.5
63,77,4.0
63,572,4.0
63,1275,5.0
63,687,4.0
63,573,5.0
63,276,4.0
63,1715,4.0
63,80,4.0
63,84,4.0
63,277,4.0
63,1233,4.5
63,1235,4.0
63,200,4.5
63,713,4.0
63,87,5.0
63,1882,4.0
63,88,4.0
63,528,4.0
63,1883,5.0
63,284,4.0
63,715,4.0
63,95,4.5
63,1277,4.5
63,1884,4.5
63,97,4.0
63,469,5.0
63,100,4.0
63,1494,4.0
63,106,4.0
63,906,4.0
63,1496,4.0
63,870,4.0
63,118,4.0
63,688,4.5
63,1597,4.0
63,121,4.0
63,1113,5.0
63,123,4.0
63,1885,4.5
63,716,4.0
63,124,4.0
63,912,4.0
63,128,5.0
63,873,4.0
63,718,5.0
63,130,5.0
63,136,4.5
63,139,4.0
63,144,4.5
63,914,4.0
63,298,4.0
63,149,5.0
63,150,4.5
63,917,4.0
63,152,5.0
63,299,4.5
63,1725,4.0
63,153,4.0
63,918,5.0
63,1390,4.0
63,1886,4.5
63,163,4.5
63,165,4.0
63,168,4.0
63,1730,4.0
63,171,4.0
63,1887,5.0
63,1734,4.0
63,667,4.0
63,471,4.0
63,174,4.0
63,1616,4.0
63,308,4.0
63,1399,4.0
63,176,4.5
63,599,4.0
63,1283,5.0
63,178,4.5
63,888,4.0
63,889,4.5
63,1284,4.0
63,621,4.5
63,1888,4.0
63,1121,5.0
63,1889,4.0
63,1890,5.0
63,197,4.0
63,317,4.0
63,624,4.0
63,1627,4.0
63,319,4.5
63,1415,4.5
63,605,4.5
63,931,4.5
63,933,4.0
63,322,4.0
63,1891,5.0
63,1892,4.5
63,670,4.5
63,1063,5.0
63,325,4.0
63,1893,5.0
63,975,4.5
63,692,4.0
63,1894,4.0
63,1634,4.0
63,1124,4.0
63,477,4.0
63,671,5.0
63,939,4.0
63,1895,4.0
63,479,4.5
63,1125,5.0
63,943,4.0
63,1896,4.0
63,1897,4.0
63,1898,4.0
63,1899,4.5
63,945,4.5
63,481,4.0
63,1523,4.5
63,1900,4.0
63,1074,5.0
63,1901,5.0
63,672,4.5
63,1902,4.0
63,524,4.5
63,484,4.5
63,1903,4.5
63,525,4.0
63,1904,5.0
63,1905,4.0
63,1906,4.0
63,1907,4.0
63,1908,4.0
63,1909,4.5
63,737,5.0
63,1910,5.0
63,1171,4.5
63,489,4.0
63,1640,4.5
63,1042,4.0
63,1770,4.0
63,201,4.0
63,1911,4.0
63,1912,4.0
63,1259,4.5
63,1913,4.5
63,742,4.0
63,492,4.5
63,1644,4.0
63,1914,4.0
63,1915,4.5
63,744,4.5
63,1043,4.0
63,1260,4.0
63,1916,4.5
63,1917,4.5
63,1918,5.0
63,1919,5.0
63,1646,4.0
63,1920,4.0
63,1921,4.0
63,1772,4.0
63,1922,4.5
63,1647,4.5
63,1923,4.5
63,497,4.0
63,1924,4.5
63,1648,5.0
63,1856,5.0
63,748,4.5
63,1309,4.0
63,1925,4.5
63,1926,5.0
63,675,5.0
63,1927,4.5
63,752,4.0
63,1928,5.0
63,1929,4.0
63,1777,4.5
63,1930,4.0
63,540,4.0
63,1931,4.5
63,1650,4.0
63,994,4.0
63,541,4.0
63,1779,4.0
63,1780,4.0
63,1932,4.5
63,1313,4.5
64,402,4.0
64,22,4.0
64,709,4.0
64,1235,4.5
64,100,4.0
64,124,4.5
64,163,4.5
64,174,4.5
64,670,4.0
64,492,4.0
64,1142,4.0
64,754,4.0
64,760,4.5
64,628,4.5
64,1317,5.0
64,204,4.5
64,629,4.5
64,207,4.5
64,208,4.5
64,212,4.0
64,806,4.5
64,1933,4.0
64,638,4.5
64,639,4.0
64,826,4.5
65,0,4.0
65,345,4.0
65,1469,4.0
65,332,4.0
65,1047,4.5
65,354,5.0
65,3,5.0
65,4,4.0
65,6,5.0
65,646,4.5
65,1448,4.0
65,1200,5.0
65,609,4.0
65,647,4.0
65,339,5.0
65,402,4.5
65,404,4.0
65,16,5.0
65,512,5.0
65,1934,4.0
65,570,4.5
65,1935,5.0
65,648,5.0
65,571,4.0
65,26,4.5
65,27,4.0
65,28,4.0
65,30,4.0
65,1877,4.0
65,1269,4.0
65,1936,4.0
65,1347,4.0
65,855,4.5
65,256,4.5
65,514,5.0
65,1162,4.0
65,38,4.0
65,39,4.5
65,679,4.0
65,1712,4.0
65,48,4.5
65,858,4.5
65,49,4.0
65,50,4.0
65,51,4.0
65,1752,4.0
65,54,4.0
65,55,5.0
65,1577,4.5
65,56,4.0
65,57,4.0
65,616,5.0
65,681,5.0
65,267,4.5
65,59,5.0
65,63,4.0
65,1273,4.5
65,1937,4.5
65,1879,5.0
65,65,4.5
65,66,4.5
65,68,4.0
65,1164,4.0
65,1579,5.0
65,709,4.5
65,659,5.0
65,660,4.5
65,1581,4.0
65,685,4.0
65,662,5.0
65,272,5.0
65,72,4.5
65,1056,5.0
65,860,4.0
65,274,5.0
65,1190,4.5
65,1938,4.0
65,572,5.0
65,1354,4.0
65,1276,4.5
65,1485,4.5
65,275,4.5
65,79,4.5
65,80,4.0
65,1939,4.0
65,1488,4.5
65,86,4.5
65,598,4.5
65,277,4.5
65,1235,4.5
65,200,5.0
65,1586,5.0
65,1940,4.0
65,581,5.0
65,1587,4.0
65,1883,4.5
65,584,4.0
65,1032,5.0
65,1941,5.0
65,715,4.0
65,285,4.0
65,469,4.5
65,1759,4.0
65,100,4.5
65,115,4.0
65,1369,4.5
65,688,4.0
65,1597,4.5
65,1942,4.0
65,1943,4.5
65,218,5.0
65,1944,4.0
65,1945,4.0
65,718,4.0
65,1946,4.0
65,1947,4.0
65,133,4.0
65,136,5.0
65,139,5.0
65,297,4.5
65,147,5.0
65,298,4.5
65,150,5.0
65,963,4.0
65,1503,4.0
65,299,5.0
65,878,4.0
65,1386,4.0
65,153,4.0
65,155,5.0
65,879,4.0
65,719,4.5
65,1948,4.0
65,163,5.0
65,1949,4.0
65,165,4.0
65,1103,5.0
65,689,4.0
65,171,4.0
65,1950,4.0
65,1887,4.0
65,1951,5.0
65,1394,4.5
65,1116,4.5
65,1952,4.0
65,1734,4.0
65,667,4.5
65,1953,4.0
65,1954,5.0
65,1400,4.5
65,1955,4.0
65,1956,4.5
65,1957,4.5
65,1284,4.5
65,621,4.0
65,1888,4.5
65,1411,4.0
65,1958,4.0
65,1959,4.5
65,194,4.0
65,197,4.0
65,1036,4.0
65,933,4.0
65,1417,4.5
65,1960,4.5
65,1891,4.0
65,1961,4.0
65,1962,4.0
65,1963,4.0
65,670,5.0
65,475,5.0
65,1425,4.0
65,1964,4.0
65,1965,4.0
65,1966,4.0
65,1967,4.0
65,1968,4.0
65,1969,4.0
65,1970,4.0
65,1971,4.0
65,477,4.5
65,479,5.0
65,1972,4.0
65,1973,4.5
65,1521,4.0
65,945,5.0
65,730,4.0
65,731,5.0
65,732,5.0
65,521,4.0
65,1974,4.5
65,980,4.0
65,1900,5.0
65,482,4.5
65,1975,4.0
65,1074,5.0
65,1976,5.0
65,524,5.0
65,484,5.0
65,1977,4.0
65,1304,4.5
65,487,4.0
65,737,4.5
65,1254,4.5
65,1128,4.5
65,1978,4.0
65,1641,5.0
65,1042,5.0
65,1979,4.5
65,1065,4.0
65,1980,4.5
65,1981,4.0
65,201,5.0
65,1982,4.5
65,1983,4.5
65,1984,4.0
65,1985,4.0
65,1986,5.0
65,1987,4.0
65,1988,4.5
65,1989,4.0
65,1990,4.0
65,1259,4.0
65,491,4.5
65,742,5.0
65,492,5.0
65,1308,4.5
65,744,4.5
65,1991,4.0
65,1043,5.0
65,696,4.5
65,1992,4.0
65,1993,4.0
65,1994,4.0
65,1995,4.0
65,1996,4.0
65,986,4.5
65,1997,4.0
65,496,5.0
65,747,5.0
65,1647,4.5
65,497,4.5
65,1648,5.0
65,501,4.0
65,1667,4.0
66,647,5.0
66,339,4.5
66,402,4.5
66,16,4.5
66,679,4.0
66,71,4.5
66,864,5.0
66,958,4.0
66,619,4.0
66,100,4.5
66,139,4.5
66,155,4.0
66,163,4.5
66,605,4.5
66,477,4.5
66,980,4.0
66,1998,4.0
66,737,4.0
66,489,4.5
66,1999,5.0
66,2000,4.5
66,1262,5.0
66,206,4.0
66,208,4.0
66,812,4.0
66,1028,4.0
67,2,4.0
67,955,4.5
67,347,4.5
67,585,4.0
67,3,4.0
67,895,4.0
67,1476,4.0
67,368,4.5
67,9,4.5
67,378,4.0
67,1448,4.0
67,13,5.0
67,608,4.0
67,647,4.0
67,14,4.0
67,413,4.5
67,242,4.0
67,415,5.0
67,19,4.5
67,20,4.5
67,1463,4.0
67,22,4.0
67,26,4.0
67,27,4.0
67,343,4.5
67,434,4.5
67,462,4.0
67,1548,4.0
67,443,4.0
67,444,4.0
67,615,4.0
67,256,4.5
67,258,5.0
67,2001,4.0
67,56,5.0
67,57,5.0
67,58,5.0
67,61,5.0
67,268,4.5
67,68,4.0
67,73,4.0
67,75,5.0
67,1206,4.5
67,573,5.0
67,1358,4.0
67,80,4.0
67,958,4.0
67,2002,4.0
67,1362,4.0
67,1235,4.5
67,200,4.5
67,959,4.0
67,88,4.0
67,581,4.0
67,2003,4.0
67,2004,4.0
67,2005,4.0
67,714,4.0
67,1366,4.0
67,584,4.0
67,1246,4.0
67,100,4.0
67,869,5.0
67,112,4.0
67,2006,4.5
67,2007,4.0
67,2008,4.0
67,1598,5.0
67,121,4.0
67,129,4.0
67,874,4.0
67,134,4.0
67,875,4.5
67,136,5.0
67,962,4.0
67,139,4.5
67,590,4.5
67,1248,4.0
67,2009,4.0
67,963,4.0
67,878,4.5
67,300,4.0
67,155,5.0
67,879,4.0
67,161,4.0
67,964,4.5
67,167,4.0
67,168,4.5
67,2010,4.0
67,2011,4.0
67,1952,4.0
67,176,4.5
67,1508,4.5
67,311,4.0
67,2012,4.0
67,1405,4.0
67,1957,4.0
67,182,4.0
67,185,4.0
67,1510,4.0
67,1411,4.0
67,187,4.0
67,968,4.5
67,970,4.0
67,2013,4.0
67,2014,4.0
67,2015,4.0
67,196,4.5
67,602,4.0
67,2016,4.5
67,1036,4.5
67,473,4.0
67,1299,4.0
67,973,4.0
67,930,4.0
67,931,4.0
67,474,4.5
67,932,4.0
67,2017,4.0
67,2018,4.0
67,670,4.0
67,324,4.0
67,325,4.0
67,725,5.0
67,1513,4.0
67,475,5.0
67,529,4.0
67,1431,4.0
67,978,4.5
67,1894,4.5
67,1302,4.0
67,477,4.5
67,2019,4.5
67,329,5.0
67,479,4.5
67,1125,4.0
67,943,4.0
67,1073,4.5
67,1126,4.0
67,2020,4.0
67,2021,4.0
67,730,4.5
67,731,4.5
67,2022,4.5
67,2023,4.5
67,980,4.0
67,2024,4.0
67,672,4.0
67,1902,4.0
67,483,5.0
67,484,4.0
67,735,4.0
67,2025,5.0
67,1904,4.5
67,487,4.5
67,488,4.0
67,737,4.5
67,1171,4.5
67,489,5.0
67,2026,4.0
67,1042,5.0
67,490,4.5
67,2027,4.0
67,531,4.5
67,2028,4.5
67,1259,4.0
67,491,4.5
67,492,4.5
67,2029,4.0
67,2030,4.5
67,2031,4.0
67,1915,4.5
67,744,4.5
67,493,4.0
67,536,4.0
67,2032,4.0
67,1135,4.5
67,987,5.0
67,1646,4.5
67,495,4.0
67,496,4.5
67,1772,4.5
67,1647,4.5
67,2033,4.0
67,2034,4.5
67,1924,4.0
67,1648,4.0
67,2035,5.0
67,2036,4.0
67,1309,4.5
67,1138,4.0
67,2037,4.0
67,674,4.0
67,2038,4.5
67,539,4.5
67,1777,5.0
67,2039,4.0
67,2040,4.0
67,1311,5.0
67,1143,4.5
67,2041,4.0
67,1076,4.5
67,2042,4.0
67,596,4.0
67,994,5.0
67,1779,4.5
67,1780,4.5
67,2043,4.5
67,2044,4.0
67,1146,5.0
67,761,4.0
67,763,4.0
67,2045,4.0
67,2046,4.0
67,2047,4.5
67,506,4.5
67,2048,4.5
67,764,4.5
67,2049,4.0
67,2050,4.5
67,1077,4.0
67,2051,4.5
67,2052,4.5
67,676,4.5
67,2053,4.0
67,508,5.0
67,542,4.0
67,2054,4.0
67,2055,4.0
67,2056,4.5
67,1315,4.0
67,1667,4.0
67,1078,4.0
67,1668,4.5
67,2057,4.5
67,2058,4.0
67,1654,5.0
67,2059,4.5
67,998,4.5
67,2060,4.5
67,1530,5.0
67,1655,5.0
67,2061,4.0
67,769,4.0
67,2062,5.0
67,1674,4.5
67,2063,4.0
67,770,5.0
67,2064,4.0
67,2065,4.0
67,2066,4.0
67,2067,4.0
67,2068,4.0
67,775,4.0
67,2069,4.0
67,204,5.0
67,1000,5.0
67,2070,4.0
67,777,4.5
67,1154,5.0
67,677,4.5
67,2071,4.0
67,2072,4.0
67,1789,4.0
67,1159,4.5
67,2073,4.5
67,2074,4.0
67,1790,5.0
67,2075,4.5
67,781,5.0
67,782,4.5
67,2076,5.0
67,206,4.5
67,698,4.0
67,2077,4.0
67,2078,4.0
67,2079,5.0
67,1680,4.5
67,2080,4.5
67,1681,4.0
67,2081,4.5
67,630,4.0
67,2082,4.0
67,1003,4.0
67,2083,5.0
67,1080,4.0
67,2084,4.0
67,2085,4.0
67,2086,4.5
67,1682,5.0
67,1081,4.0
67,2087,4.5
67,1539,4.5
67,789,5.0
67,2088,4.0
67,1795,4.0
67,2089,5.0
67,1683,5.0
67,794,4.0
67,795,4.0
67,2090,4.0
67,208,5.0
67,796,4.0
67,2091,4.0
67,2092,4.5
67,210,4.0
67,2093,4.5
67,2094,4.0
67,1798,5.0
67,1684,4.0
67,2095,4.0
67,1540,4.0
67,2096,4.5
67,2097,4.0
67,2098,4.5
67,2099,4.5
67,801,4.5
67,1008,4.5
67,550,4.0
67,2100,4.0
67,2101,4.5
67,1804,4.5
67,803,4.5
67,2102,4.5
67,805,5.0
67,551,4.0
67,2103,4.0
67,1180,5.0
67,1686,4.5
67,1181,4.0
67,2104,4.0
67,556,4.5
67,1183,4.0
67,811,4.5
67,814,5.0
67,2105,4.5
67,817,4.0
67,639,4.5
67,1689,4.5
67,823,4.5
67,1185,4.0
67,1023,4.0
67,828,4.0
67,215,5.0
67,641,4.5
67,1186,4.0
67,642,5.0
67,1829,4.0
67,834,4.5
67,645,4.5
67,844,4.0
68,4,5.0
68,13,5.0
68,339,5.0
68,402,5.0
68,14,5.0
68,16,4.0
68,648,5.0
68,25,5.0
68,571,4.0
68,28,5.0
68,464,5.0
68,465,5.0
68,654,5.0
68,56,5.0
68,61,5.0
68,685,5.0
68,272,5.0
68,958,4.0
68,467,4.0
68,1362,4.0
68,580,4.0
68,468,4.0
68,2106,4.0
68,139,5.0
68,143,4.0
68,299,5.0
68,719,5.0
68,885,5.0
68,1411,5.0
68,190,5.0
68,196,4.0
68,603,4.0
68,1627,4.0
68,2107,4.0
68,1301,4.0
68,933,5.0
68,2108,4.0
68,1253,4.0
68,1039,4.0
68,2109,5.0
68,2110,5.0
69,334,5.0
69,373,4.0
69,1201,4.5
69,402,4.5
69,16,4.0
69,428,4.5
69,22,5.0
69,570,4.5
69,615,5.0
69,1162,5.0
69,53,4.5
69,2111,5.0
69,654,5.0
69,61,5.0
69,1578,4.0
69,709,5.0
69,270,4.5
69,2112,4.0
69,271,4.5
69,71,4.0
69,1165,4.0
69,274,4.0
69,1700,5.0
69,2113,5.0
69,1190,5.0
69,1166,4.5
69,1583,4.0
69,200,4.5
69,283,4.0
69,94,4.5
69,2114,4.5
69,2115,4.0
69,285,4.0
69,126,4.5
69,155,4.0
69,1394,4.5
69,2116,4.0
69,311,4.0
69,2117,5.0
69,1407,5.0
69,2118,5.0
69,2119,4.0
69,1559,4.5
69,475,4.0
69,480,4.5
69,1041,4.5
69,735,4.0
69,744,4.5
69,499,5.0
69,757,4.5
69,1044,4.0
69,1159,5.0
69,630,4.0
69,1081,4.5
69,1804,4.5
69,2120,4.0
70,0,5.0
70,361,4.0
70,363,5.0
70,367,4.0
70,460,5.0
70,1470,4.0
70,439,4.0
70,462,4.0
70,443,5.0
70,444,5.0
70,1346,4.0
70,2121,4.0
70,446,5.0
70,854,4.0
70,451,4.0
70,679,4.0
70,465,5.0
70,68,4.0
70,710,5.0
70,1483,4.0
71,354,4.5
71,3,4.5
71,4,4.5
71,6,4.5
71,373,4.0
71,460,4.0
71,13,5.0
71,339,4.5
71,402,5.0
71,16,4.0
71,20,4.5
71,22,4.5
71,571,4.5
71,26,4.0
71,28,4.5
71,462,4.0
71,615,4.5
71,256,4.5
71,654,4.0
71,56,4.5
71,58,4.5
71,61,4.5
71,1937,4.0
71,682,4.5
71,71,4.0
71,587,4.0
71,124,4.5
71,130,4.5
71,1115,4.0
71,139,5.0
71,2122,4.0
71,155,4.5
71,671,5.0
71,2038,4.0
71,1151,4.5
72,0,4.5
72,464,4.0
72,654,5.0
72,59,5.0
72,1235,5.0
72,87,5.0
72,100,5.0
72,1600,4.0
72,155,5.0
72,1121,5.0
72,190,4.5
72,196,5.0
72,1626,4.0
72,670,4.0
72,1124,5.0
72,477,4.0
72,939,5.0
72,480,4.0
72,487,5.0
72,737,4.5
72,489,4.5
72,201,5.0
72,1982,5.0
72,1043,4.0
72,496,4.0
72,2033,4.0
72,501,4.0
72,990,5.0
72,2123,4.0
72,1311,4.5
72,2124,4.5
72,2125,4.0
72,505,5.0
72,2048,4.0
72,764,4.0
72,1313,4.0
72,1554,4.0
72,2126,4.0
72,508,5.0
72,2127,4.0
72,1667,4.5
72,767,4.5
72,1668,4.0
72,1784,5.0
72,1654,4.0
72,998,4.5
72,1530,4.0
72,2128,4.0
72,2129,4.5
72,204,4.5
72,2130,4.5
72,777,4.0
72,1156,5.0
72,205,4.5
72,1788,4.0
72,2131,4.0
72,2132,4.0
72,2071,4.0
72,1790,4.0
72,206,5.0
72,785,4.0
72,698,5.0
72,545,4.0
72,1681,4.5
72,630,4.0
72,2133,4.0
72,1682,5.0
72,1539,4.5
72,790,5.0
72,207,4.5
72,678,5.0
72,2134,4.5
72,699,4.0
72,2135,4.0
72,2136,4.0
72,1801,5.0
72,2137,5.0
72,801,5.0
72,802,4.5
72,2101,4.0
72,1804,4.0
72,803,4.0
72,805,4.0
72,551,5.0
72,806,5.0
72,1180,4.5
72,1181,4.0
72,556,5.0
72,1182,4.0
72,812,5.0
72,814,5.0
72,1013,4.0
72,1014,4.5
72,2138,4.0
72,2139,5.0
72,213,4.5
72,819,5.0
72,638,4.5
72,1816,5.0
72,820,5.0
72,1688,4.0
72,640,4.0
72,823,5.0
72,1022,5.0
72,1185,4.0
72,2140,4.0
72,1546,4.0
72,828,4.5
72,1826,5.0
72,1186,4.5
72,2141,4.0
72,1690,4.0
72,643,4.0
72,2142,4.0
72,567,4.0
72,1028,5.0
73,335,5.0
73,646,5.0
73,1198,5.0
73,339,5.0
73,1213,5.0
73,1214,5.0
73,404,4.0
73,1455,4.5
73,243,5.0
73,30,5.0
73,615,5.0
73,855,4.5
73,35,5.0
73,2143,5.0
73,2144,4.0
73,2145,5.0
73,262,5.0
73,1752,4.5
73,264,5.0
73,2146,4.0
73,654,5.0
73,59,5.0
73,60,5.0
73,705,4.0
73,706,5.0
73,1879,4.0
73,268,4.5
73,682,5.0
73,658,5.0
73,659,4.0
73,1556,4.5
73,660,5.0
73,686,5.0
73,77,4.0
73,84,4.5
73,2147,4.5
73,2148,5.0
73,1032,4.0
73,2149,5.0
73,2150,4.0
73,286,5.0
73,1034,5.0
73,517,5.0
73,2151,4.5
73,2152,4.5
73,149,4.0
73,155,5.0
73,1886,5.0
73,168,4.0
73,1035,4.0
73,1282,4.0
73,307,5.0
73,2153,5.0
73,308,4.0
73,1954,4.0
73,2154,4.0
73,2155,5.0
73,1769,4.0
73,1559,4.0
73,2156,4.5
73,624,5.0
73,319,5.0
73,2157,4.0
73,2158,4.0
73,670,4.0
73,2159,4.5
73,1124,4.0
73,671,5.0
73,939,4.5
73,2160,4.0
73,2161,4.0
73,2162,4.0
73,2163,4.5
73,2164,4.0
73,1075,4.0
73,2165,4.0
73,2166,4.0
73,522,5.0
73,735,5.0
73,527,4.0
73,693,5.0
73,2167,5.0
73,2168,4.0
73,2169,5.0
73,2170,4.0
73,2171,4.0
73,2172,4.0
73,2173,5.0
73,2174,5.0
73,1042,4.0
73,739,5.0
73,2175,5.0
73,2176,4.0
73,741,4.0
73,2177,5.0
73,2178,4.0
73,2179,5.0
73,2180,5.0
73,2181,4.0
73,2182,5.0
73,494,4.0
73,2183,5.0
73,2184,5.0
73,1924,4.0
73,2185,4.0
73,2186,5.0
73,2187,4.0
73,675,5.0
73,1140,4.0
73,2188,5.0
73,1650,4.0
73,2189,4.5
73,1144,4.5
73,2190,5.0
73,762,4.0
73,2191,4.0
73,1313,5.0
73,1314,4.5
73,1077,4.0
73,1535,4.0
73,2192,4.0
73,676,4.5
73,203,5.0
73,2053,4.5
73,2193,5.0
73,1175,4.0
73,2194,4.0
73,2195,4.0
73,767,4.0
73,2196,4.5
73,2197,4.5
73,2198,4.0
73,770,5.0
73,1317,4.5
73,771,5.0
73,772,4.0
73,2199,4.0
73,2200,5.0
73,1044,4.5
73,774,4.0
73,1045,4.5
73,2201,4.0
73,2202,4.0
74,376,4.0
74,13,5.0
74,648,4.0
74,571,4.5
74,254,4.5
74,256,4.0
74,1751,4.5
74,679,4.0
74,56,4.5
74,58,4.5
74,63,4.5
74,684,4.5
74,68,4.0
74,2112,4.0
74,272,4.0
74,75,4.5
74,862,4.0
74,863,4.0
74,467,4.0
74,2115,4.5
74,106,5.0
74,295,4.0
74,170,4.0
74,691,5.0
74,475,4.0
74,479,5.0
74,728,4.0
74,484,4.0
74,2203,4.0
74,2204,4.0
74,492,4.0
74,986,4.0
74,501,4.0
74,1143,4.0
74,2205,4.0
74,760,4.5
75,13,4.0
75,610,4.0
75,339,4.5
75,30,4.0
75,704,4.5
75,615,5.0
75,49,4.5
75,50,4.5
75,55,5.0
75,56,4.0
75,59,4.5
75,60,4.0
75,62,5.0
75,63,4.0
75,682,4.5
75,73,4.0
75,274,4.0
75,87,4.0
75,469,4.0
75,2206,4.5
75,136,4.0
75,139,4.0
75,299,4.0
75,300,4.0
75,155,4.0
75,163,4.5
75,670,4.5
75,500,5.0
75,674,4.0
75,1140,4.0
75,2207,4.0
75,991,4.0
75,626,4.5
75,1143,5.0
75,2208,4.5
75,1146,4.5
75,1653,4.5
75,2209,4.5
75,775,4.0
75,2210,4.5
75,206,4.0
75,2211,4.5
75,207,4.0
75,208,4.0
75,2212,4.5
75,812,4.0
76,13,5.0
76,56,5.0
76,58,5.0
76,61,5.0
76,139,5.0
76,187,5.0
76,319,5.0
76,479,5.0
76,730,5.0
76,947,5.0
76,483,5.0
76,484,5.0
76,489,4.0
76,492,5.0
76,496,5.0
76,501,5.0
76,540,5.0
76,204,5.0
76,638,4.0
77,0,4.0
77,373,4.0
77,339,4.0
77,402,4.5
77,1268,4.0
77,414,4.0
77,416,4.0
77,21,4.0
77,571,4.5
77,679,5.0
77,58,4.5
77,68,5.0
77,71,4.0
77,75,4.0
77,1483,4.0
77,81,4.0
77,96,4.0
77,139,4.5
77,151,4.5
77,300,5.0
77,972,4.5
77,472,4.0
77,495,4.5
77,698,4.0
78,2,4.0
78,2213,5.0
78,1201,5.0
78,13,5.0
78,1213,4.0
78,415,4.0
78,20,4.0
78,21,5.0
78,571,5.0
78,615,5.0
78,54,5.0
78,2214,5.0
78,1350,5.0
78,2215,5.0
78,56,5.0
78,57,4.0
78,616,4.0
78,61,5.0
78,1273,4.0
78,2216,5.0
78,64,5.0
78,682,5.0
78,65,4.0
78,68,4.0
78,1164,5.0
78,662,5.0
78,75,5.0
78,712,4.0
78,1275,5.0
78,958,4.0
78,467,5.0
78,1883,5.0
78,94,4.0
78,96,4.0
78,469,5.0
78,100,5.0
78,286,4.0
78,288,4.0
78,1598,4.0
78,129,4.0
78,139,4.0
78,149,5.0
78,158,4.0
78,159,4.0
78,160,5.0
78,1035,4.0
78,173,4.0
78,1104,5.0
78,1396,4.0
78,2217,4.0
78,2218,5.0
78,2219,4.0
78,2220,4.0
78,973,4.0
79,354,4.0
79,4,4.5
79,373,4.0
79,402,5.0
79,702,4.0
79,28,5.0
79,462,4.5
79,615,4.0
79,616,4.5
79,63,5.0
79,682,4.0
79,685,4.0
79,1190,4.0
79,864,4.0
79,86,4.5
79,1111,4.0
79,2221,4.0
79,123,4.0
79,133,4.0
79,2222,4.0
79,139,4.5
79,878,4.5
79,163,5.0
79,174,4.0
79,721,5.0
79,599,4.0
79,186,4.0
79,1121,5.0
79,968,4.0
79,1123,4.0
79,670,5.0
79,625,4.0
79,1894,4.5
79,1039,4.0
79,1124,5.0
79,477,4.0
79,2223,4.0
79,478,4.5
79,480,4.5
79,1073,5.0
79,944,4.0
79,730,4.0
79,948,4.0
79,731,5.0
79,481,4.5
79,1523,4.0
79,1525,4.5
79,734,4.0
79,1552,4.5
79,485,4.5
79,2224,5.0
79,1639,4.0
79,488,4.0
79,1171,4.0
79,489,4.0
79,1979,5.0
79,201,4.5
79,982,4.5
79,2225,5.0
79,533,4.0
79,1043,4.5
79,493,4.5
79,2226,4.0
79,989,4.5
79,747,5.0
79,497,5.0
79,2227,4.0
79,2228,4.0
79,748,5.0
79,500,4.5
79,540,5.0
79,2229,4.0
79,503,4.5
79,1661,4.0
79,2230,4.5
79,760,4.0
79,761,5.0
79,763,5.0
79,1264,4.5
79,2231,4.5
79,1663,5.0
79,676,4.5
79,203,4.0
79,1175,4.0
79,628,5.0
79,508,4.5
79,2232,4.5
79,1149,4.0
79,1528,4.0
79,1078,4.5
79,2233,4.5
79,768,4.5
79,2059,4.0
79,2060,4.5
79,999,4.0
79,1860,4.0
79,769,5.0
79,773,4.0
79,1151,4.5
79,1676,4.0
79,204,5.0
79,777,4.5
79,1154,5.0
79,2234,4.5
79,1156,4.0
79,1679,4.5
79,2235,4.5
79,1680,4.0
79,1080,4.5
79,2236,4.0
79,1682,4.0
79,789,4.0
79,207,4.5
79,794,4.0
79,795,4.5
79,2237,4.0
79,2238,4.0
79,208,4.5
79,2239,4.0
79,209,4.5
79,2240,5.0
79,2136,4.0
79,2241,4.0
79,632,4.5
79,2242,4.0
79,2243,4.0
79,2244,4.0
79,1800,4.5
79,2245,5.0
79,801,4.0
79,2246,4.0
79,2247,4.0
79,805,4.5
79,2248,4.0
79,1009,4.5
79,1806,5.0
79,2249,4.5
79,2250,4.5
79,2251,4.0
79,2252,5.0
79,556,4.5
79,2253,4.0
79,2254,4.0
79,2255,4.0
79,1179,4.5
79,2256,4.5
79,2257,4.0
79,635,4.0
79,2258,4.0
79,2259,4.0
79,2138,4.0
79,2260,4.0
80,354,5.0
80,400,4.0
80,403,4.0
80,20,4.0
80,21,4.0
80,571,5.0
81,6,4.5
81,371,4.5
81,9,4.0
81,460,4.0
81,11,4.0
81,16,4.5
81,416,4.0
81,21,4.0
81,571,4.5
81,462,4.0
81,32,4.0
81,444,4.0
81,679,4.0
81,56,4.0
81,58,4.5
81,61,4.0
81,71,4.0
81,75,4.5
81,1483,4.0
81,864,4.0
81,82,4.0
81,958,4.0
81,584,4.0
81,96,4.5
81,618,4.5
81,619,4.0
81,98,4.0
81,112,4.5
81,122,4.0
81,139,4.0
81,298,4.0
81,150,4.0
81,2261,4.0
81,187,4.5
81,600,4.0
81,192,4.0
81,1249,4.0
81,601,4.0
81,2014,4.0
81,1299,4.0
81,2262,4.5
81,474,4.0
81,1419,4.0
81,2263,4.0
81,475,4.0
81,937,4.0
81,1251,4.5
81,2264,4.0
81,2265,4.0
81,1302,4.0
81,2266,4.0
81,479,4.0
81,518,4.0
81,2267,4.0
81,2268,4.0
81,2269,4.0
81,979,4.0
81,734,4.0
81,2270,4.0
81,981,4.0
81,2271,4.0
81,2272,4.0
81,2273,4.5
81,1304,4.0
81,1254,4.0
81,2274,4.0
81,1127,4.5
81,489,4.5
81,2275,4.0
81,2276,4.5
81,2277,4.5
81,2026,4.0
81,2278,4.0
81,1641,4.0
81,2279,4.5
81,1642,4.0
81,2280,4.0
81,532,4.0
81,492,4.0
81,2030,4.0
82,6,4.0
82,402,5.0
82,16,4.5
82,648,4.5
82,1696,5.0
82,464,5.0
82,2111,4.0
82,59,4.0
82,65,5.0
82,269,5.0
82,709,5.0
82,685,5.0
82,74,4.5
82,1235,5.0
82,100,5.0
82,299,4.0
82,921,5.0
82,187,5.0
82,601,4.0
82,318,4.0
82,670,4.5
82,937,4.0
82,671,5.0
82,2281,4.0
82,479,4.0
82,1125,4.0
82,1899,4.0
82,693,5.0
82,492,4.5
82,2180,5.0
82,2282,4.0
82,2283,4.0
82,596,4.5
82,760,4.0
82,1175,5.0
82,2284,5.0
82,2285,4.5
82,204,5.0
82,2286,4.0
82,2287,4.0
82,545,4.5
82,789,4.5
82,208,5.0
82,549,4.0
83,2,4.0
83,347,4.0
83,2288,4.0
83,350,5.0
83,332,4.0
83,607,5.0
83,333,4.0
83,334,5.0
83,2289,4.0
83,4,4.0
83,2290,5.0
83,2291,4.0
83,361,4.0
83,1212,4.0
83,2292,4.0
83,2293,4.0
83,2294,4.0
83,373,5.0
83,2213,4.0
83,1198,4.0
83,377,4.0
83,2295,4.0
83,513,5.0
83,1200,4.0
83,236,5.0
83,385,4.0
83,1201,4.0
83,336,4.0
83,13,4.0
83,337,4.0
83,237,5.0
83,608,4.0
83,1048,5.0
83,339,4.0
83,2296,5.0
83,1265,5.0
83,1292,4.0
83,402,5.0
83,238,4.0
83,2297,4.0
83,2298,4.0
83,1049,4.0
83,239,4.0
83,241,5.0
83,15,4.0
83,407,4.0
83,410,4.0
83,16,5.0
83,512,4.0
83,2299,4.0
83,415,4.0
83,1338,4.0
83,2300,5.0
83,420,4.0
83,1217,5.0
83,422,4.0
83,20,4.0
83,340,4.0
83,243,4.0
83,425,4.0
83,427,4.0
83,428,4.0
83,613,5.0
83,429,4.0
83,2301,4.0
83,22,5.0
83,2302,4.0
83,614,4.0
83,26,4.0
83,28,5.0
83,30,5.0
83,1877,4.0
83,439,4.0
83,1269,4.0
83,2303,4.0
83,32,4.0
83,248,5.0
83,446,4.0
83,1347,4.0
83,447,4.0
83,449,5.0
83,615,4.0
83,250,5.0
83,251,4.0
83,2304,4.0
83,252,4.0
83,253,4.0
83,254,4.0
83,256,4.0
83,257,4.0
83,34,5.0
83,258,4.0
83,514,4.0
83,35,4.0
83,2143,5.0
83,2001,4.0
83,857,4.0
83,2305,4.0
83,1710,4.0
83,38,4.0
83,1711,4.0
83,900,4.0
83,901,5.0
83,1189,4.0
83,48,4.0
83,858,5.0
83,2306,4.0
83,51,4.0
83,1752,4.0
83,1878,5.0
83,465,4.0
83,264,4.0
83,1205,4.0
83,1349,5.0
83,2307,5.0
83,2308,4.0
83,55,4.0
83,2111,4.0
83,2309,4.0
83,2146,4.0
83,1577,4.0
83,2214,4.0
83,654,4.0
83,56,4.0
83,57,4.0
83,58,4.0
83,616,4.0
83,267,4.0
83,656,4.0
83,60,5.0
83,61,4.0
83,1879,4.0
83,268,4.0
83,269,4.0
83,683,4.0
83,658,4.0
83,1351,4.0
83,684,4.0
83,1164,5.0
83,1580,4.0
83,709,4.0
83,659,5.0
83,685,4.0
83,271,4.0
83,686,4.0
83,272,4.0
83,663,5.0
83,859,4.0
83,2310,4.0
83,1165,5.0
83,664,5.0
83,1227,5.0
83,274,4.0
83,2311,5.0
83,1700,4.0
83,2312,5.0
83,2313,4.0
83,665,5.0
83,2113,4.0
83,1190,4.0
83,1583,4.0
83,1352,5.0
83,1880,4.0
83,903,4.0
83,1275,4.0
83,1206,4.0
83,1276,4.0
83,573,4.0
83,2314,4.0
83,199,4.0
84,2315,5.0
84,398,5.0
84,429,4.0
84,22,5.0
84,245,4.0
84,2316,5.0
84,1713,4.0
84,2146,5.0
84,656,5.0
84,1054,5.0
84,587,5.0
84,1228,4.0
84,275,4.0
84,2317,4.0
84,1232,5.0
84,2147,4.0
84,277,5.0
84,1716,5.0
84,579,4.0
84,2318,4.0
84,278,5.0
84,2319,4.0
84,1718,4.0
85,0,4.0
85,460,4.0
85,13,4.5
85,402,4.5
85,16,4.0
85,20,4.0
85,246,4.0
85,26,4.0
85,343,4.0
85,462,4.5
85,53,4.0
85,56,4.0
85,61,4.0
85,70,4.0
85,2320,4.5
85,1365,4.0
85,715,4.0
85,1946,4.0
85,139,4.5
85,915,4.0
85,299,4.0
85,1388,4.0
85,155,4.0
85,599,4.0
85,187,4.0
85,196,4.0
85,670,4.5
85,475,4.0
85,477,4.0
85,1517,4.0
85,478,4.5
85,479,4.0
85,731,4.5
85,481,4.0
85,484,4.0
85,1305,4.0
85,737,4.5
85,489,4.0
85,742,4.0
85,492,4.0
85,744,4.5
85,993,5.0
85,540,4.0
85,204,4.5
85,777,4.0
85,1320,4.5
85,2321,4.5
85,2322,4.5
85,2323,4.5
85,208,4.0
85,1181,4.5
86,390,4.0
86,341,4.0
86,1269,4.5
86,261,4.0
86,55,5.0
86,466,4.0
86,1719,4.0
86,517,4.5
86,1766,4.5
86,2324,4.0
86,671,5.0
86,482,5.0
86,673,5.0
87,349,4.5
87,4,5.0
87,513,4.5
87,402,5.0
87,22,4.0
87,1479,4.0
87,654,5.0
87,572,4.0
87,87,5.0
87,2325,5.0
87,138,4.5
87,721,4.5
87,2326,4.5
87,317,4.0
87,670,4.0
87,725,4.5
87,1124,4.5
87,478,4.5
87,479,5.0
87,480,4.5
87,731,4.5
87,484,5.0
87,485,4.0
87,735,4.5
87,1171,4.5
87,741,4.5
87,201,4.5
87,492,5.0
87,1043,4.5
87,747,4.5
87,748,5.0
87,760,4.5
87,1313,4.0
87,676,5.0
87,203,4.0
87,1175,4.5
87,769,4.5
87,1044,4.5
87,1045,4.5
87,204,5.0
87,206,4.5
87,2327,4.0
87,208,4.5
88,368,4.0
88,463,4.5
88,250,4.0
88,2328,4.0
88,716,4.5
88,963,4.0
88,2329,4.0
88,2330,4.5
88,927,4.0
88,2014,5.0
88,1299,4.0
88,2331,4.5
88,2332,4.0
88,2265,4.0
88,477,4.5
88,2333,5.0
88,2334,4.5
88,518,4.0
88,2022,5.0
88,2335,5.0
88,2336,4.0
88,2337,5.0
88,2273,4.0
88,2338,5.0
88,2339,4.0
88,2340,4.0
88,2341,5.0
88,2342,4.0
88,2343,5.0
88,986,4.5
88,2344,5.0
88,2345,5.0
88,2346,5.0
88,2347,4.5
88,2348,4.0
88,2349,4.0
88,2350,4.5
88,2351,4.0
88,2352,4.0
88,2353,5.0
88,2354,5.0
88,2355,4.5
88,2356,5.0
88,2357,4.5
88,2358,4.0
88,2359,4.0
88,2360,4.0
88,2361,4.5
88,2362,4.5
88,2363,4.5
88,2364,4.5
88,2365,5.0
88,2366,4.5
88,1313,4.0
88,2367,4.0
88,2368,5.0
88,2369,4.5
88,2370,4.0
88,2371,5.0
88,2372,4.5
88,1315,5.0
88,2373,5.0
88,2374,4.5
88,2375,5.0
88,2376,5.0
88,2377,5.0
88,2378,4.5
88,2379,4.0
88,2380,5.0
88,2381,4.0
88,2382,5.0
88,2383,4.5
88,2384,4.0
88,2385,5.0
88,2386,4.0
88,2387,5.0
88,1002,4.0
88,2388,4.5
88,2322,4.0
88,2389,4.5
88,2390,5.0
88,2391,4.0
88,2392,5.0
88,2393,5.0
88,2394,4.5
88,2395,4.0
88,2396,4.5
88,2397,4.5
88,2398,4.5
88,2399,4.5
88,2400,4.0
88,2401,4.5
88,1004,4.5
88,2402,4.0
88,2403,5.0
88,2404,4.0
88,2405,4.5
88,1865,4.0
88,2406,5.0
88,2407,4.5
88,2408,5.0
88,2409,5.0
88,2410,5.0
88,2411,5.0
88,2412,4.5
88,2413,4.0
88,2414,5.0
88,2415,4.0
88,2416,5.0
88,2417,4.5
88,2418,5.0
88,2419,5.0
88,2420,4.0
88,2421,5.0
88,2422,4.5
88,2423,5.0
88,2424,4.5
88,2425,4.0
88,2426,4.0
88,2427,4.5
88,2428,5.0
88,2429,5.0
88,2430,5.0
88,2431,5.0
88,2432,5.0
88,2433,4.0
88,2434,4.0
88,1013,4.0
88,2435,4.5
88,2436,5.0
88,2437,4.5
88,2438,4.5
88,2439,4.5
88,2440,4.5
88,2441,5.0
88,2442,5.0
88,1184,5.0
88,2443,5.0
88,2444,4.0
88,1019,5.0
88,2445,4.5
88,2446,4.0
88,2447,4.5
88,2448,4.5
88,2140,4.0
88,2449,5.0
88,2450,4.5
88,2451,4.0
88,2452,5.0
88,2453,4.0
88,2454,5.0
88,2455,4.5
88,2456,4.5
88,2457,4.0
88,2458,4.5
88,2459,4.5
88,2460,4.5
88,2461,5.0
88,2462,5.0
88,2463,4.5
88,2464,5.0
88,2465,5.0
88,2466,4.0
88,2467,5.0
88,2468,5.0
88,2469,4.5
88,2470,4.0
88,2471,4.0
88,2472,4.5
88,2473,5.0
88,2474,5.0
88,2475,4.0
88,2476,4.5
88,2477,5.0
88,2478,4.5
88,2479,5.0
88,2480,5.0
88,2481,5.0
88,2482,4.5
88,2483,4.5
88,2484,4.5
88,2485,4.5
88,2486,4.0
88,2487,5.0
88,2488,4.5
88,2489,5.0
88,2490,4.5
88,1026,4.5
88,2491,5.0
88,2492,5.0
88,2493,5.0
88,2494,5.0
88,2495,5.0
88,2496,5.0
88,2497,4.5
88,2498,5.0
88,2499,4.0
88,2500,5.0
88,2501,4.5
88,2502,4.0
88,2503,4.0
88,2504,4.0
88,2505,5.0
88,2506,4.5
88,2507,5.0
88,2508,4.5
88,2509,4.5
88,2510,5.0
88,2511,5.0
88,2512,4.0
88,2513,5.0
88,2514,4.0
88,2515,5.0
88,2516,4.5
88,2517,4.5
88,2518,4.0
88,2519,5.0
88,2520,4.0
88,2521,5.0
88,2522,5.0
88,2523,5.0
88,2524,4.0
88,2525,5.0
88,2526,4.0
88,2527,5.0
88,2528,5.0
88,2529,5.0
88,2530,5.0
88,2531,4.5
88,2532,4.0
88,2533,4.5
88,2534,4.5
88,2535,4.0
88,2536,4.5
88,2537,4.5
88,2538,4.0
88,2539,4.0
88,2540,4.0
88,2541,4.0
88,2542,4.5
88,2543,4.0
88,2544,4.0
88,2545,4.0
88,2546,4.0
88,2547,4.5
88,2548,4.0
89,346,4.0
89,2288,5.0
89,350,5.0
89,607,5.0
89,354,4.0
89,334,4.0
89,2290,5.0
89,335,5.0
89,1286,5.0
89,2549,5.0
89,2550,5.0
89,13,5.0
89,1220,4.0
89,2551,4.0
89,30,5.0
89,1221,5.0
89,2552,4.0
89,2553,4.0
89,2554,4.0
89,2555,4.0
89,853,5.0
89,249,4.0
89,2556,5.0
89,2557,5.0
89,2145,5.0
89,260,4.0
89,1189,5.0
89,47,4.0
89,48,4.0
89,2558,4.0
89,2559,4.0
89,2560,4.0
89,1713,4.0
89,710,4.0
89,587,5.0
89,572,5.0
89,2561,4.0
89,2562,5.0
89,2314,4.0
89,2563,4.0
90,0,4.0
90,2,5.0
90,349,4.5
90,332,4.0
90,1047,4.0
90,354,4.0
90,355,4.0
90,3,4.5
90,4,4.5
90,6,4.0
90,646,4.0
90,9,5.0
90,1288,4.5
90,12,4.5
90,511,4.5
90,13,4.5
90,647,4.0
90,339,4.5
90,400,4.0
90,409,5.0
90,20,4.0
90,2564,4.0
90,21,4.5
90,2565,4.0
90,2566,4.0
90,648,5.0
90,849,5.0
90,571,4.0
90,27,5.0
90,28,4.5
90,2567,4.0
90,1271,4.5
90,462,4.0
90,1050,4.5
90,463,5.0
90,704,4.0
90,1936,4.0
90,615,5.0
90,1223,4.0
90,855,4.0
90,256,4.0
90,35,4.0
90,679,4.0
90,858,4.0
90,49,4.0
90,50,4.0
90,52,4.5
90,54,4.0
90,2568,5.0
90,55,5.0
90,653,4.0
90,654,4.0
90,56,4.5
90,57,5.0
90,58,5.0
90,655,4.0
90,616,5.0
90,681,4.5
90,59,5.0
90,61,4.0
90,62,4.0
90,63,5.0
90,1273,5.0
90,268,5.0
90,64,5.0
90,682,4.0
90,684,4.0
90,68,4.5
90,2569,4.5
90,1164,4.0
90,1110,4.0
90,685,4.5
90,662,4.5
90,70,4.0
90,272,4.0
90,1055,5.0
90,73,4.5
90,75,4.0
90,76,4.0
90,1583,4.0
90,2570,4.5
90,2571,4.5
90,2572,4.0
90,1584,4.5
90,712,4.5
90,2573,4.0
90,1275,5.0
90,1194,4.0
90,1071,4.0
90,1485,4.0
90,573,4.0
90,864,4.0
90,467,4.5
90,617,4.5
90,1490,4.0
90,1235,4.0
90,1586,4.5
90,2574,4.0
90,1587,4.0
90,1111,5.0
90,94,5.0
90,95,4.0
90,2575,4.0
90,1277,4.0
90,469,4.5
90,100,4.5
90,286,4.0
90,2576,4.0
90,2577,4.0
90,2578,4.0
90,1034,4.5
90,119,4.0
90,218,5.0
90,123,4.0
90,2579,4.0
90,1723,4.5
90,136,4.5
90,137,4.0
90,138,4.5
90,139,5.0
90,143,4.0
90,149,4.0
90,150,4.0
90,1503,4.0
90,1297,4.0
90,151,4.5
90,152,5.0
90,299,4.0
90,300,4.5
90,2580,4.0
90,1390,4.0
90,158,4.5
90,159,4.0
90,160,4.5
90,163,4.5
90,164,4.5
90,165,4.0
90,666,4.0
90,2581,4.0
90,2582,4.0
90,2583,4.5
90,884,5.0
90,720,5.0
90,471,4.0
90,2584,4.0
90,309,4.0
90,2585,4.0
90,2586,4.0
90,721,4.5
90,1405,4.0
90,599,5.0
90,1736,5.0
90,890,4.0
90,621,4.0
90,315,4.0
90,1121,4.0
90,2587,4.0
90,190,4.5
90,691,4.0
90,1959,4.0
90,192,5.0
90,2588,4.0
90,2589,4.5
90,194,5.0
90,2014,4.5
90,196,4.0
90,197,4.0
90,1108,4.5
90,2590,5.0
90,2591,4.0
90,972,4.0
90,1623,4.5
90,319,4.5
90,933,4.0
90,322,4.0
90,2592,4.0
90,670,4.5
90,2593,4.0
90,475,5.0
90,2594,4.0
90,2108,4.0
90,2595,4.0
90,2596,4.5
90,2597,5.0
90,625,4.5
90,2598,4.5
90,1072,4.0
90,1124,4.0
90,477,4.0
90,329,4.0
90,479,4.5
90,2599,4.0
90,730,5.0
90,947,4.0
90,731,4.0
90,2600,4.0
90,482,4.0
90,2601,4.5
90,734,4.0
90,949,4.5
90,1552,4.5
90,484,4.0
90,2602,4.5
90,2603,4.5
90,487,4.0
90,489,5.0
90,2604,4.0
90,1640,5.0
90,1257,4.0
90,2605,4.5
90,2606,4.0
90,740,4.0
90,2607,5.0
90,1258,5.0
90,201,4.0
90,2608,4.0
90,2609,4.0
90,1259,4.5
90,1066,4.0
90,492,4.5
90,1915,5.0
90,2610,5.0
90,1043,4.0
90,696,4.0
90,2611,4.0
90,983,4.0
90,2612,4.0
90,2613,4.0
90,2614,4.5
90,987,4.5
90,2615,4.0
90,2616,4.0
90,2617,4.0
90,496,5.0
90,1648,5.0
90,501,4.5
90,2618,4.5
90,1659,4.0
91,1031,5.0
91,854,5.0
91,1093,4.0
91,2619,4.0
91,909,4.5
91,115,4.0
91,2620,4.0
91,1604,4.0
91,1500,4.0
91,590,5.0
91,175,4.5
91,1076,4.5
91,1078,4.5
91,2621,4.0
91,2065,4.0
91,630,4.0
92,344,5.0
92,955,4.0
92,348,4.0
92,333,5.0
92,359,4.0
92,363,4.0
92,6,5.0
92,373,5.0
92,1445,4.0
92,374,4.0
92,376,4.0
92,1289,4.0
92,2622,4.0
92,13,5.0
92,400,5.0
92,402,4.0
92,403,5.0
92,405,4.0
92,15,4.0
92,16,5.0
92,512,4.0
92,17,4.0
92,18,5.0
92,242,4.0
92,416,5.0
92,419,5.0
92,21,5.0
92,22,5.0
92,614,4.0
92,24,5.0
92,2623,4.0
92,246,4.0
92,26,5.0
92,28,5.0
92,462,4.0
92,1548,4.0
92,32,4.0
92,443,4.0
92,1204,4.0
92,2624,4.0
92,217,4.0
92,46,4.0
92,53,5.0
92,70,5.0
92,710,5.0
92,2625,4.0
92,862,5.0
92,2626,4.0
92,1357,4.0
92,2627,4.0
92,81,4.0
92,2628,4.0
92,958,5.0
92,1489,4.0
92,2629,4.0
92,2630,4.0
92,277,4.0
92,1490,4.0
92,200,5.0
92,580,5.0
92,2631,4.0
92,581,5.0
92,468,5.0
92,584,5.0
92,1246,4.0
92,1112,4.0
92,100,5.0
92,104,4.0
92,108,4.0
92,2632,4.0
92,111,5.0
92,118,5.0
92,1594,4.0
92,119,4.0
92,120,5.0
92,121,5.0
92,1372,4.0
92,1600,4.0
92,912,4.0
92,293,4.0
92,873,4.0
92,961,4.0
92,1499,5.0
92,1248,4.0
92,143,5.0
92,153,4.0
92,2633,4.0
92,156,5.0
92,158,5.0
92,881,4.0
93,344,4.0
93,354,5.0
93,333,4.0
93,6,5.0
93,373,4.0
93,1270,4.0
93,460,4.0
93,339,4.0
93,400,4.0
93,402,5.0
93,403,4.0
93,413,4.0
93,20,4.0
93,21,4.0
93,246,4.0
93,571,4.0
93,26,4.0
94,607,5.0
94,1047,5.0
94,354,4.0
94,333,4.0
94,585,4.0
94,233,5.0
94,234,4.0
94,13,5.0
94,647,4.5
94,614,4.0
94,648,5.0
94,571,4.0
94,30,4.5
94,1050,5.0
94,651,4.0
94,464,5.0
94,2634,4.0
94,679,5.0
94,45,4.0
94,50,5.0
94,1752,4.0
94,1051,5.0
94,56,5.0
94,58,5.0
94,616,4.5
94,59,5.0
94,60,5.0
94,61,4.5
94,63,4.0
94,682,5.0
94,683,5.0
94,68,5.0
94,659,4.5
94,71,5.0
94,1055,5.0
94,1352,5.0
94,712,4.5
94,1071,4.0
94,864,5.0
94,2635,4.0
94,466,4.0
94,84,4.0
94,617,5.0
94,2636,4.0
94,1586,4.0
94,1883,4.5
94,1111,4.5
94,95,5.0
94,285,4.5
94,1719,4.0
94,1112,4.5
94,1367,4.0
94,100,5.0
94,908,4.0
94,111,4.5
94,112,4.5
94,121,4.0
94,873,4.0
94,874,4.0
94,1502,4.0
94,139,5.0
94,144,4.5
94,149,4.0
94,963,4.0
94,1384,4.0
94,918,5.0
94,2637,4.0
94,881,4.5
94,164,4.0
94,1282,5.0
94,169,4.0
94,2638,4.0
94,1407,4.0
94,2639,4.0
94,1769,4.5
94,186,4.5
94,191,5.0
94,192,5.0
94,196,4.0
94,2640,4.0
94,2641,4.0
94,1063,5.0
94,725,5.0
94,2642,4.0
94,1429,4.0
94,1124,4.0
94,1517,4.0
94,2643,4.0
94,671,5.0
94,2281,4.0
94,939,4.0
94,943,4.5
94,2644,4.0
94,2645,5.0
94,1520,4.0
94,2646,4.0
94,2647,4.0
94,730,4.0
94,1303,4.0
94,947,4.0
94,731,5.0
94,481,4.0
94,732,4.0
94,482,4.5
94,2648,4.0
94,949,4.0
94,2649,4.0
94,1902,4.0
94,2165,4.0
94,524,5.0
94,484,4.5
94,525,4.0
94,693,5.0
94,2650,5.0
94,1906,4.5
94,2651,4.0
94,487,4.0
94,488,4.0
94,1171,4.5
94,1042,4.5
94,1770,4.5
94,490,4.0
94,1642,4.5
94,2652,4.0
94,982,4.0
94,1982,4.0
94,531,4.0
94,1983,4.0
94,1984,4.0
94,744,5.0
94,1137,4.5
94,496,4.5
94,989,4.0
95,0,5.0
95,333,5.0
95,4,5.0
95,6,5.0
95,373,5.0
95,13,5.0
95,1048,5.0
95,339,5.0
95,18,5.0
95,415,5.0
95,419,4.0
95,422,4.0
95,21,5.0
95,22,5.0
95,571,5.0
95,32,4.0
95,615,4.0
95,858,5.0
95,50,5.0
95,1752,4.0
95,53,4.0
95,266,5.0
95,58,5.0
95,616,5.0
95,61,5.0
95,63,5.0
95,682,4.0
95,75,4.0
95,2313,5.0
95,1583,4.0
95,1275,4.0
95,467,4.0
95,84,5.0
95,86,4.0
95,2653,5.0
95,1112,4.0
95,100,4.0
95,105,5.0
95,112,5.0
95,119,4.0
95,2654,5.0
95,2655,5.0
95,125,5.0
95,873,4.0
95,139,4.0
95,151,5.0
95,155,5.0
95,306,5.0
95,885,5.0
95,309,4.0
95,1401,4.0
95,2639,5.0
95,187,4.0
96,415,4.0
96,28,5.0
96,615,5.0
96,654,4.0
96,61,5.0
96,100,5.0
96,139,5.0
96,1402,4.0
96,623,4.0
96,187,4.0
96,968,5.0
96,1249,4.0
96,196,5.0
96,2656,4.0
96,319,5.0
96,605,5.0
96,1301,5.0
96,2657,5.0
96,2658,5.0
96,1513,4.0
96,475,5.0
96,1251,4.0
96,2594,4.0
96,977,4.0
96,1253,4.0
96,478,5.0
96,479,5.0
96,2659,4.0
96,947,4.0
97,0,4.5
97,16,5.0
97,28,4.5
97,30,4.0
97,253,5.0
97,679,5.0
97,654,4.5
97,57,5.0
97,656,4.0
97,63,4.5
97,268,5.0
97,685,5.0
97,200,4.0
97,716,4.0
97,471,4.5
97,621,4.5
97,931,4.5
97,670,4.0
97,475,5.0
97,625,5.0
97,480,4.0
97,2023,4.5
97,482,4.0
97,490,4.0
97,501,5.0
97,758,5.0
97,1313,5.0
97,1554,5.0
97,1315,5.0
97,2660,4.0
97,1529,4.0
97,2661,5.0
97,2662,4.0
97,2663,4.0
97,2664,4.0
97,2665,4.0
97,2666,5.0
97,781,4.0
97,207,5.0
97,208,4.0
97,2093,5.0
97,549,5.0
97,1684,4.5
97,2096,4.0
97,550,5.0
97,2101,4.0
97,1326,5.0
97,634,4.0
97,636,4.5
97,638,5.0
97,826,5.0
97,827,4.0
97,1084,5.0
97,1085,5.0
97,830,4.0
97,1828,5.0
97,642,4.5
97,644,4.5
97,1029,5.0
97,1838,4.5
97,2667,5.0
97,1088,4.0
97,1089,5.0
98,955,4.0
98,351,4.0
98,1441,4.0
98,2668,4.0
98,371,4.0
98,373,5.0
98,1445,5.0
98,9,5.0
98,460,5.0
98,376,5.0
98,382,5.0
98,11,5.0
98,384,5.0
98,388,5.0
98,511,4.0
98,586,4.0
98,389,5.0
98,608,4.0
98,393,4.0
98,395,5.0
98,609,4.0
98,396,5.0
98,647,5.0
98,339,5.0
98,402,5.0
98,14,5.0
98,404,5.0
98,405,5.0
98,1268,5.0
98,15,5.0
98,416,5.0
98,2669,4.0
98,703,4.0
98,246,5.0
98,27,4.0
99,347,4.0
99,349,4.5
99,350,4.5
99,1211,4.5
99,361,4.0
99,1195,4.0
99,364,4.0
99,367,4.5
99,376,4.5
99,381,4.0
99,1337,4.0
99,385,4.0
99,337,4.5
99,608,4.0
99,16,4.0
99,512,4.0
99,242,4.5
99,415,4.0
99,19,4.0
99,1202,4.0
99,428,4.0
99,2670,4.0
99,614,4.5
99,25,4.5
99,703,4.0
99,433,4.0
99,26,4.0
99,27,4.0
99,434,4.5
99,1187,4.5
99,462,4.0
99,449,4.5
99,251,4.5
99,2304,4.0
99,257,4.0
99,1696,4.5
99,34,4.5
99,258,4.0
99,2001,4.0
99,857,4.0
99,2671,4.5
99,900,4.5
99,901,4.0
99,1226,4.0
99,2672,4.5
99,465,5.0
99,267,4.0
99,709,4.5
99,71,4.0
99,2673,4.0
99,73,4.5
99,2674,4.0
99,1352,4.5
99,903,4.0
99,1206,4.5
99,1485,4.0
99,1698,4.5
99,79,4.5
99,80,4.0
99,958,4.0
99,1234,4.5
99,2320,4.5
99,88,4.5
99,1883,4.5
99,2675,5.0
99,285,4.5
99,97,4.5
99,100,4.0
99,2006,4.5
99,2676,4.5
99,2677,4.0
99,123,4.0
99,124,4.0
99,873,4.5
99,129,4.0
99,874,5.0
99,2678,4.0
99,136,4.5
99,1242,4.0
99,470,4.5
99,1394,4.0
99,2679,4.0
99,1403,4.5
99,2680,4.0
99,2681,4.0
99,2682,4.0
99,1510,4.0
99,1249,4.0
99,601,4.5
99,1417,5.0
99,2657,4.5
99,325,4.5
99,1514,4.5
99,1437,4.0
99,1253,4.0
99,480,4.0
99,2683,4.5
99,595,5.0
99,1902,4.0
99,485,4.5
99,2224,4.5
99,2684,4.5
99,737,4.0
99,2685,4.5
99,1642,4.0
99,988,4.0
99,496,4.5
100,513,4.0
100,2686,4.0
100,680,5.0
100,54,4.0
100,61,4.0
100,278,5.0
100,2206,5.0
100,128,5.0
100,873,4.0
100,2687,4.0
100,140,4.0
100,297,5.0
100,2688,4.0
100,149,4.0
100,150,4.0
100,1382,4.0
100,963,4.0
100,1383,4.0
100,1297,5.0
100,151,4.0
100,299,4.0
100,155,4.0
100,1886,4.0
100,163,5.0
100,168,5.0
100,720,4.0
100,921,4.0
100,308,4.0
100,2689,5.0
100,885,4.0
100,2690,4.0
100,1617,4.0
100,1298,4.0
100,1405,4.0
100,187,4.0
100,1249,4.0
100,927,4.0
100,1122,4.0
100,196,4.0
101,1,5.0
101,3,5.0
101,513,5.0
101,610,4.0
101,339,5.0
101,402,4.0
101,1268,4.0
101,15,4.0
101,16,5.0
101,413,4.0
101,422,4.0
101,20,4.0
101,340,4.0
101,427,4.0
101,25,4.0
101,1771,4.0
101,246,4.0
101,571,4.0
101,26,4.0
101,28,4.0
102,0,4.0
102,344,4.0
102,345,4.0
102,349,5.0
102,1469,5.0
102,333,4.0
102,334,4.0
102,4,4.0
102,359,4.0
102,5,4.0
102,368,4.0
102,6,4.5
102,646,4.5
102,373,4.0
102,10,4.0
102,13,4.0
102,394,4.0
102,339,5.0
102,401,4.0
102,402,5.0
102,404,4.0
102,16,4.0
102,1456,4.0
102,21,4.0
102,244,4.0
102,849,4.0
102,703,5.0
102,1771,4.0
102,26,4.0
102,28,5.0
102,29,4.5
102,30,4.0
102,31,4.0
102,615,4.5
102,256,5.0
102,258,4.5
102,35,4.0
102,464,4.0
102,1162,4.0
102,1092,4.0
102,897,4.0
102,41,4.0
102,900,4.0
102,42,4.0
102,44,4.5
102,1481,4.0
102,901,4.0
102,1226,4.0
102,48,4.0
102,262,5.0
102,50,4.5
102,265,4.5
102,654,4.5
102,56,4.5
102,681,5.0
102,59,5.0
102,60,4.0
102,62,5.0
102,682,4.5
102,65,5.0
102,683,5.0
102,658,4.0
102,1580,4.5
102,708,5.0
102,659,4.5
102,660,4.5
102,685,4.0
102,2310,4.0
102,73,5.0
102,274,4.0
102,75,4.0
102,1700,4.5
102,77,4.0
102,572,4.0
102,1275,4.0
102,1276,4.5
102,276,4.5
102,865,4.5
102,2691,4.5
102,1235,4.5
102,905,4.0
102,579,4.0
102,200,4.5
102,713,4.5
102,87,5.0
102,2325,4.5
102,1111,4.5
102,1168,4.0
102,94,5.0
102,715,5.0
102,285,4.0
102,1277,4.0
102,100,4.0
102,106,4.0
102,909,5.0
102,2692,4.0
102,109,4.0
102,1496,4.0
102,2008,4.0
102,119,4.0
102,688,5.0
102,1498,5.0
102,123,4.5
102,2655,4.0
102,124,5.0
102,1374,4.0
102,2693,4.0
102,873,5.0
102,717,4.0
102,2694,4.0
102,2695,4.0
102,874,5.0
102,1500,4.5
102,139,4.0
102,1297,4.5
102,153,4.0
102,918,5.0
102,879,5.0
102,719,4.5
102,2696,5.0
102,163,5.0
102,168,5.0
102,170,4.5
102,720,4.0
102,2697,4.5
102,308,5.0
102,2689,4.5
102,309,4.0
102,2118,5.0
102,1284,4.5
102,1121,4.5
102,1411,4.5
102,594,4.0
102,190,4.0
102,691,5.0
102,2156,5.0
102,927,4.0
102,624,5.0
102,1415,4.5
102,605,4.0
102,932,5.0
102,933,5.0
102,670,5.0
102,725,5.0
102,975,4.0
102,2698,4.0
102,1516,4.0
102,1039,5.0
102,2699,5.0
102,2700,5.0
102,671,5.0
102,479,4.0
102,1125,4.0
102,942,4.0
102,944,4.0
102,948,4.0
102,2023,4.0
102,482,4.0
102,1074,4.5
102,1902,4.0
102,525,5.0
102,693,5.0
102,738,4.5
102,489,4.5
102,2701,4.0
102,1042,5.0
102,741,4.5
102,1642,4.0
102,201,4.5
102,1982,5.0
102,1911,4.0
102,492,4.0
102,744,4.5
102,1043,5.0
102,1919,5.0
102,1772,4.0
102,2033,4.0
102,748,4.5
102,2036,4.0
102,697,4.5
102,540,4.5
102,2702,4.0
102,755,4.0
102,994,4.0
102,541,4.5
102,1780,4.0
102,764,4.0
102,1314,4.5
102,203,4.5
102,628,4.5
102,1315,4.0
102,998,4.5
102,1317,5.0
102,1044,4.5
102,774,4.0
102,1045,4.5
102,204,5.0
102,1786,4.0
102,2703,4.0
102,677,4.0
102,205,4.0
102,2132,4.0
102,2704,4.0
102,629,5.0
102,206,5.0
102,1680,4.0
102,2705,4.0
102,2706,4.0
102,2707,4.0
102,1539,4.0
102,790,4.0
102,548,4.0
102,208,4.5
102,699,4.0
102,2708,4.0
102,2709,4.0
102,2710,4.5
102,1540,5.0
102,2409,4.0
102,1082,4.5
102,2246,4.0
102,1804,4.0
102,212,4.5
102,2711,4.0
102,2712,4.0
102,2713,4.0
102,2714,4.0
102,551,4.5
102,806,4.0
102,556,4.0
102,2715,4.0
102,812,4.5
102,2716,4.0
102,819,4.0
102,638,4.5
102,1021,4.0
102,640,4.5
102,2717,4.0
102,1023,4.0
102,215,4.0
102,2718,5.0
102,1547,4.5
102,836,5.0
103,1285,4.0
103,585,4.0
103,1749,4.0
103,647,4.0
103,239,4.0
103,16,4.0
103,512,5.0
103,413,4.0
103,2719,4.5
103,22,4.5
103,614,4.0
103,246,4.0
103,342,4.0
103,343,5.0
103,434,4.0
103,30,4.0
103,650,5.0
103,444,4.0
103,449,4.0
103,2720,4.0
103,257,4.0
103,899,4.0
103,55,4.5
103,653,5.0
103,64,4.0
103,657,4.0
103,709,4.0
103,659,4.0
103,70,4.0
103,274,4.0
103,903,4.5
103,865,4.0
103,1488,4.5
103,277,4.0
103,2320,4.0
103,2721,4.0
103,284,4.0
103,106,4.0
103,869,4.0
103,912,4.0
103,961,4.5
103,590,5.0
103,591,4.0
103,470,5.0
103,1243,4.0
103,149,4.0
103,2722,4.0
103,917,4.0
103,165,4.0
103,169,4.0
103,170,4.0
103,306,4.0
103,885,4.0
103,176,4.0
103,314,4.0
103,927,4.0
103,931,4.0
103,2018,4.0
103,670,4.0
103,325,4.0
103,475,4.5
103,1514,5.0
103,529,4.0
103,2723,4.0
103,2724,4.0
103,938,4.0
103,2725,4.0
103,477,4.0
103,329,4.5
103,671,5.0
103,945,4.0
103,2683,4.0
103,1522,4.0
103,482,4.0
103,483,4.5
103,484,4.0
103,486,5.0
103,2726,4.0
103,1906,4.0
103,2727,4.0
103,2728,4.0
103,737,4.0
103,2729,4.5
103,2730,4.0
103,531,4.5
103,2731,5.0
103,2732,4.0
103,2733,4.0
103,2734,4.0
103,986,4.0
103,987,4.0
103,537,4.0
103,501,4.0
103,990,4.0
103,752,4.5
103,991,4.0
103,758,5.0
103,994,4.5
103,1779,4.5
103,2735,4.0
103,1313,4.0
103,2192,4.0
103,996,4.0
103,628,4.5
103,542,4.0
103,2736,4.0
103,2660,4.0
103,1655,4.0
103,2061,4.0
103,2737,4.0
103,2738,4.0
103,1656,4.0
103,2739,4.5
103,545,4.0
103,1683,4.0
103,794,4.0
103,2091,4.0
103,2740,4.0
103,1798,4.0
103,549,4.0
103,1684,4.0
103,1867,4.5
103,1868,4.0
103,805,4.0
103,2741,4.0
103,2742,4.0
103,2743,4.0
104,2,4.0
104,349,4.5
104,3,5.0
104,4,5.0
104,646,4.5
104,2744,4.5
104,235,4.0
104,13,4.0
104,647,5.0
104,339,5.0
104,1292,5.0
104,1213,4.5
104,1214,4.5
104,402,5.0
104,702,4.0
104,648,4.0
104,571,4.0
104,28,4.5
104,30,4.0
104,2745,4.5
104,2746,4.5
104,463,4.0
104,704,5.0
104,615,5.0
104,855,4.0
104,253,4.5
104,2747,4.0
104,2748,4.0
104,256,4.0
104,257,4.0
104,1708,4.0
104,514,4.0
104,35,4.0
104,464,4.0
104,2143,4.0
104,2749,4.0
104,50,5.0
104,2750,4.0
104,2111,4.0
104,2751,4.0
104,654,4.5
104,58,4.0
104,655,4.0
104,681,4.0
104,267,4.5
104,59,5.0
104,656,4.0
104,60,5.0
104,2752,4.0
104,62,5.0
104,63,4.0
104,268,4.5
104,682,4.5
104,65,4.0
104,269,5.0
104,707,4.0
104,658,4.0
104,1053,4.0
104,684,4.0
104,1580,5.0
104,659,4.0
104,685,4.0
104,271,4.0
104,661,4.0
104,686,4.0
104,70,4.0
104,272,4.0
104,2753,5.0
104,2754,4.0
104,1700,4.0
104,2755,4.0
104,1485,4.0
104,1228,4.5
104,276,4.5
104,84,4.5
104,200,4.0
104,2756,4.0
104,469,4.5
104,100,5.0
104,286,4.0
104,2757,5.0
104,124,4.0
104,292,4.0
104,2151,4.0
104,2758,5.0
104,138,5.0
104,139,4.0
104,150,4.0
104,1297,4.5
104,1504,4.0
104,299,4.5
104,301,5.0
104,155,5.0
104,2759,4.5
104,163,5.0
104,1949,4.0
104,171,4.0
104,720,4.0
104,2153,4.5
104,174,5.0
104,1953,4.0
104,721,4.5
104,1298,4.0
104,2760,4.5
104,2155,5.0
104,2761,4.5
104,2762,4.0
104,1558,4.5
104,722,4.5
104,187,4.0
104,2763,4.5
104,968,4.0
104,2764,4.5
104,1744,5.0
104,2765,4.5
104,2766,5.0
104,2156,4.0
104,2767,4.0
104,2014,4.0
104,2324,4.0
104,473,4.0
104,624,4.5
104,318,4.0
104,1626,4.5
104,2768,4.0
104,2769,4.0
104,319,4.0
104,605,5.0
104,1301,5.0
104,1123,4.0
104,725,4.5
104,2658,4.0
104,475,4.0
104,937,4.0
104,2770,4.0
104,2771,4.0
104,1515,4.0
104,2264,4.0
104,625,4.5
104,1516,4.0
104,1894,4.0
104,2772,5.0
104,1634,4.0
104,2109,5.0
104,1124,5.0
104,478,4.0
104,671,4.0
104,479,4.0
104,480,4.0
104,1125,4.0
104,942,4.5
104,1896,4.0
104,729,4.0
104,1126,4.5
104,518,4.5
104,1899,4.0
104,2773,4.0
104,947,4.0
104,979,4.0
104,521,4.0
104,1900,4.0
104,482,4.0
104,734,4.0
104,1901,5.0
104,1075,4.0
104,981,4.0
104,2774,5.0
104,2775,5.0
104,1552,4.0
104,2776,4.5
104,484,4.0
104,525,4.0
104,673,4.0
104,485,4.5
104,735,4.0
104,693,5.0
104,2777,5.0
104,1905,4.5
104,1907,4.0
104,2170,4.5
104,487,4.0
104,694,4.0
104,488,4.5
104,1305,4.0
104,2778,5.0
104,1171,4.0
104,489,4.0
104,1256,4.0
104,1641,4.0
104,741,4.0
104,201,4.0
104,982,4.5
104,531,4.0
104,2779,4.5
104,2780,4.5
104,1259,4.0
104,695,4.0
104,492,4.5
104,2781,4.0
104,743,4.0
104,2782,4.0
104,1562,4.0
104,2783,4.0
104,744,5.0
104,2784,5.0
104,1043,4.0
104,493,4.0
104,1067,4.0
104,1918,5.0
104,2785,4.5
104,2786,4.0
104,2787,4.0
104,986,4.0
104,987,4.0
104,1646,4.0
104,2788,4.5
104,988,4.0
104,2789,4.0
104,2790,4.5
104,1924,4.0
104,500,4.0
104,749,4.0
104,2036,4.0
104,1309,4.0
104,502,4.0
104,2791,4.5
104,2792,4.0
104,2793,4.5
104,2794,4.5
104,2795,4.0
104,2796,4.0
104,2797,4.0
104,2798,4.0
104,2187,4.5
104,2799,5.0
104,2800,4.0
104,2801,5.0
104,2802,4.0
104,2803,4.0
104,2804,4.5
104,675,5.0
104,2805,4.0
104,2806,4.5
104,2807,4.5
104,1140,4.0
104,1141,4.0
104,752,4.0
104,2808,4.0
104,753,4.0
104,697,4.0
104,539,4.0
104,2809,5.0
104,1777,4.5
104,2810,4.5
104,2811,5.0
104,2812,4.5
104,626,4.0
104,992,4.0
104,1142,4.5
104,540,4.0
104,1931,4.0
104,2813,4.0
104,754,4.0
104,755,4.0
104,2814,5.0
104,2815,4.5
104,2816,4.5
104,2817,4.0
104,760,4.0
104,763,5.0
104,2818,4.0
104,505,4.0
104,506,4.0
104,764,4.0
104,1554,4.5
104,627,4.0
104,1147,4.5
104,203,5.0
104,628,5.0
104,2819,4.5
104,508,4.0
104,2232,4.0
104,1666,4.5
104,1315,4.0
104,767,4.0
104,1078,4.5
104,1669,5.0
104,2059,4.0
104,997,4.0
104,998,4.5
104,999,4.0
104,2820,5.0
104,2821,4.0
104,1655,4.0
104,1316,4.0
104,1673,4.0
104,1317,5.0
104,2822,4.0
104,2823,4.5
104,2824,4.0
104,1151,4.0
104,774,4.0
104,1045,4.5
104,2825,5.0
104,2826,4.5
104,2827,5.0
104,1786,4.0
104,677,5.0
104,2828,4.0
104,2829,4.0
104,2830,4.5
104,2831,4.0
104,1159,4.0
104,1679,4.0
104,2832,4.0
104,2833,4.0
104,629,4.0
104,1160,4.0
104,2074,4.0
104,1079,4.0
104,2834,4.5
104,2835,4.5
104,782,4.0
104,2836,4.0
104,206,4.0
104,1792,4.5
104,1680,4.5
104,2837,5.0
104,2838,5.0
104,1002,4.0
104,630,5.0
104,1003,4.0
104,1080,4.0
104,1321,4.0
104,1682,4.0
104,788,4.0
104,2839,4.5
104,2323,4.5
104,1539,4.0
104,789,4.0
104,790,5.0
104,2840,4.5
104,2841,4.5
104,207,5.0
104,2842,4.5
104,1795,4.0
104,2843,4.0
104,1683,5.0
104,1863,5.0
104,678,4.0
104,548,4.0
104,208,5.0
104,2844,4.0
104,796,4.0
104,2845,5.0
104,699,4.0
104,2135,4.0
104,2136,4.5
104,549,4.0
104,1684,4.0
104,1540,4.0
104,2097,4.5
104,632,4.5
104,2846,4.5
104,2847,4.5
104,2848,4.5
104,2849,4.5
104,2850,4.0
104,2851,5.0
104,211,4.5
104,2852,4.5
104,2853,4.0
104,800,4.0
104,1008,4.0
104,2854,4.0
104,2855,4.0
104,212,4.0
104,1805,4.0
104,805,4.0
104,551,4.0
104,806,4.0
104,1806,4.0
104,552,5.0
104,1870,4.5
104,2856,4.0
104,1010,4.0
104,2857,4.0
104,2858,5.0
104,2859,5.0
104,2860,4.5
104,2861,4.5
104,2862,5.0
104,1871,4.0
104,2863,4.0
104,2864,4.5
104,808,4.5
104,2865,5.0
104,1807,4.0
104,1182,4.0
104,1325,5.0
104,2866,4.0
104,1933,4.0
104,1326,4.0
104,1872,4.0
104,2867,4.5
104,811,4.0
104,812,4.0
104,2868,4.5
104,2869,4.5
104,2870,4.0
104,2871,4.0
104,2872,4.0
104,2873,4.5
104,2874,4.0
104,2875,4.5
104,2876,4.5
104,1874,4.5
104,559,5.0
104,2877,5.0
104,636,4.0
104,1327,4.5
104,2878,4.0
104,2879,5.0
104,2716,4.0
104,1544,4.5
104,213,4.0
104,1328,4.0
104,2880,5.0
104,1018,4.0
104,2881,4.0
104,2882,4.5
104,2883,4.0
104,2884,4.5
104,2885,4.5
104,2886,4.5
104,2887,4.5
104,819,4.5
104,638,4.0
104,2888,5.0
104,2889,4.0
104,2890,4.0
104,562,4.0
104,2891,4.0
104,2892,4.0
104,822,4.5
104,214,4.0
104,640,4.0
104,823,4.0
104,1330,4.5
104,2893,4.5
104,2894,4.5
104,826,4.0
104,1331,5.0
104,827,4.0
104,1825,4.0
104,2895,4.0
104,2896,4.0
104,2897,4.0
104,828,4.0
104,2898,5.0
104,2899,4.0
104,2900,5.0
104,2901,4.5
104,215,4.0
104,1186,4.0
104,2902,4.5
104,2903,4.0
104,2904,5.0
104,2905,5.0
104,2906,4.5
104,2907,5.0
104,2908,5.0
104,2909,4.5
104,2910,5.0
104,2911,5.0
104,2912,4.5
104,2913,4.5
104,2914,4.0
104,2915,5.0
104,2916,5.0
104,2917,4.0
104,2918,4.5
104,2919,4.5
104,2920,4.5
104,2921,4.0
104,643,4.0
104,2922,5.0
104,2923,5.0
104,2924,4.0
104,2925,5.0
104,2926,4.5
104,2927,5.0
104,2928,4.0
104,2929,5.0
104,2930,4.5
104,2931,4.0
104,2932,4.5
104,2933,4.5
104,2934,4.5
104,2935,5.0
104,2936,5.0
104,2937,5.0
104,2938,4.0
104,2939,5.0
104,2940,5.0
104,2941,4.0
104,2942,5.0
104,2943,5.0
104,2944,5.0
104,2945,5.0
104,2946,5.0
104,837,5.0
104,2947,5.0
104,1028,4.5
104,2948,4.0
104,2949,5.0
104,2950,5.0
104,2951,5.0
104,2952,5.0
104,2953,4.5
104,2954,5.0
104,2955,4.5
104,2956,5.0
104,2957,5.0
104,2958,5.0
104,2959,4.0
104,2960,5.0
104,2961,5.0
104,2962,5.0
104,2963,5.0
104,2964,5.0
104,2965,5.0
104,2966,5.0
104,2967,5.0
104,2968,5.0
104,2969,5.0
104,2970,5.0
104,2971,5.0
104,2972,4.5
104,2973,5.0
104,2974,5.0
104,2975,5.0
104,2976,4.5
104,2977,5.0
104,2978,5.0
104,2979,5.0
104,2980,5.0
104,2981,5.0
104,2982,5.0
104,2983,4.0
104,2984,5.0
104,2985,4.5
104,2986,4.0
104,2987,5.0
105,402,5.0
105,139,5.0
105,1248,4.5
105,329,5.0
105,479,5.0
105,484,5.0
105,489,5.0
105,492,5.0
105,987,5.0
105,994,5.0
105,764,5.0
105,1554,5.0
105,998,5.0
105,778,5.0
105,1003,5.0
105,789,5.0
105,790,5.0
105,1798,5.0
105,1801,4.0
105,1802,4.0
105,1008,5.0
105,634,4.5
105,2988,5.0
105,1812,5.0
106,0,4.0
106,344,5.0
106,345,4.0
106,347,5.0
106,361,5.0
106,1749,4.0
106,6,5.0
106,646,4.0
106,2293,4.0
106,370,5.0
106,373,5.0
106,375,4.0
106,1270,4.0
106,509,4.0
106,511,4.0
106,608,4.0
106,396,4.0
106,401,4.0
106,402,5.0
106,15,4.0
106,416,4.0
106,418,4.0
106,26,5.0
107,607,4.0
107,1286,5.0
107,2989,4.0
107,424,4.0
107,21,4.0
107,428,4.0
107,613,5.0
107,648,5.0
107,248,5.0
107,449,5.0
107,858,5.0
107,53,5.0
107,1163,5.0
107,71,5.0
107,2990,5.0
107,580,4.0
107,2114,5.0
107,285,4.0
107,128,5.0
107,139,5.0
107,2991,4.0
107,2992,5.0
107,2993,4.0
107,933,5.0
107,1892,4.0
107,325,5.0
107,1514,5.0
107,2994,5.0
107,1124,5.0
107,671,5.0
107,2281,4.0
107,2995,5.0
107,1636,4.0
107,480,5.0
107,2996,4.0
107,2997,4.0
107,2998,4.0
107,518,4.0
107,2999,5.0
107,3000,4.0
107,730,5.0
107,2683,5.0
107,3001,5.0
107,481,5.0
107,3002,5.0
107,1074,5.0
107,2165,5.0
107,3003,5.0
107,3004,5.0
107,485,5.0
107,3005,4.0
108,347,4.0
108,2288,4.0
108,349,4.0
108,607,5.0
108,354,4.0
108,334,5.0
108,4,4.0
108,361,5.0
108,6,5.0
108,7,4.0
108,3006,5.0
108,1691,4.0
108,610,5.0
108,339,5.0
108,402,5.0
108,3007,4.0
108,16,5.0
108,512,4.0
108,20,4.0
108,1109,4.0
108,25,5.0
108,703,4.0
108,27,4.0
108,28,4.0
108,704,4.0
108,446,4.0
108,1347,4.0
109,3,4.5
109,646,4.0
109,339,4.5
109,22,4.0
109,648,4.0
109,30,4.5
109,2748,4.0
109,255,4.5
109,50,4.0
109,654,4.0
109,60,4.0
109,65,4.0
109,664,5.0
109,3008,4.5
109,2753,4.5
109,139,4.0
109,149,4.0
109,1610,4.5
109,155,4.5
109,163,4.5
109,2764,4.0
109,624,4.0
109,2700,4.0
109,671,5.0
109,693,4.5
109,3009,5.0
109,1918,4.0
109,3010,5.0
109,675,4.0
109,2192,4.5
110,349,4.5
110,585,4.0
110,371,4.0
110,402,4.5
110,16,5.0
110,1456,4.0
110,427,4.0
110,849,4.0
110,246,4.5
110,434,4.0
110,1573,4.0
110,854,4.0
110,3011,4.0
110,900,4.0
110,74,4.0
110,80,4.0
110,1235,4.0
110,3012,4.0
110,200,4.0
110,580,4.0
110,3013,4.0
110,282,4.0
110,1496,4.0
110,119,4.5
110,912,4.0
110,3014,4.0
110,589,4.0
110,962,4.0
110,590,4.0
110,591,4.0
110,2261,4.0
110,3015,4.0
110,155,4.0
110,163,5.0
110,171,5.0
110,2689,4.0
110,1506,4.0
110,1398,4.0
110,176,5.0
110,311,4.0
110,721,5.0
110,1406,4.0
110,2016,4.0
110,317,4.0
110,2640,4.0
110,325,4.0
110,3016,4.5
110,1124,4.0
110,329,4.0
110,3017,4.0
110,478,4.5
110,2266,5.0
110,480,4.0
110,3018,4.5
110,1521,4.5
110,950,5.0
110,1902,4.0
110,483,4.0
110,3019,4.0
110,485,4.0
110,3020,4.0
110,2025,4.0
110,1904,4.5
110,737,4.0
110,1982,4.0
110,2028,4.0
110,3021,4.0
110,1308,4.5
110,1260,4.0
110,987,4.0
110,495,4.5
110,1772,4.0
110,2033,4.5
110,502,4.0
110,3022,4.5
110,1311,4.5
110,3023,4.0
110,3024,5.0
110,3025,4.5
110,994,4.0
110,541,4.0
110,3026,4.0
110,2818,4.0
110,2048,4.0
110,202,5.0
110,2126,4.0
110,3027,4.5
110,3028,5.0
110,203,4.5
110,3029,4.0
110,628,4.0
110,542,4.5
110,3030,4.0
110,1078,4.0
110,1655,4.0
110,3031,4.5
110,2621,4.0
110,1671,4.5
110,3032,4.5
110,771,4.0
110,204,4.0
110,1000,5.0
110,3033,4.0
110,2130,4.0
110,3034,4.0
110,205,5.0
110,1788,5.0
110,3035,4.0
110,3036,4.5
110,2073,4.0
110,3037,4.5
110,2074,4.0
110,3038,4.0
110,206,4.5
110,1792,4.0
110,545,4.0
110,1680,4.5
110,3039,4.0
110,1003,4.0
110,3040,4.0
110,3041,4.5
110,3042,5.0
110,3043,4.0
110,3044,5.0
110,3045,4.5
110,3046,5.0
110,208,4.5
110,3047,5.0
110,3048,5.0
110,2709,5.0
110,1865,4.0
110,1798,4.0
110,3049,4.0
110,3050,5.0
110,2411,4.0
110,2137,4.5
110,3051,5.0
110,3052,4.5
110,1323,4.0
110,1008,4.0
110,3053,4.5
110,806,4.0
110,3054,4.5
110,1180,5.0
110,3055,4.0
110,3056,4.5
110,3057,4.0
110,3058,4.5
110,3059,4.0
110,3060,5.0
110,812,4.0
110,3061,4.5
110,3062,4.5
110,3063,4.5
110,1809,4.5
110,1013,4.5
110,815,5.0
110,557,4.0
110,3064,4.0
110,1016,4.5
110,3065,4.5
110,3066,5.0
110,213,5.0
110,1328,4.0
110,3067,4.0
110,3068,4.5
110,3069,4.0
110,1020,5.0
110,1688,4.5
110,640,4.0
110,823,4.5
110,3070,4.0
110,1822,4.5
110,2895,4.5
110,3071,4.5
110,3072,4.5
110,828,5.0
110,3073,4.5
110,3074,4.5
110,3075,4.5
110,215,4.0
110,1186,5.0
110,830,4.0
110,3076,4.5
110,3077,4.5
110,3078,4.5
110,3079,4.5
110,3080,4.0
110,3081,4.0
110,3082,4.5
110,3083,5.0
110,3084,5.0
110,3085,4.5
110,3086,5.0
110,3087,4.0
110,1690,5.0
110,3088,4.0
110,1830,4.0
110,3089,4.0
110,567,4.5
110,1547,4.5
110,3090,4.5
110,3091,4.0
110,836,5.0
110,3092,4.5
110,3093,4.0
110,3094,4.0
110,837,4.5
110,3095,4.0
110,3096,4.5
110,3097,4.0
110,2527,4.5
110,3098,4.5
110,3099,4.5
110,3100,4.5
110,3101,4.5
110,3102,5.0
110,3103,4.5
110,3104,4.5
110,3105,4.5
110,1834,4.5
110,3106,4.5
110,3107,5.0
110,3108,4.5
110,3109,4.5
110,3110,4.0
110,3111,4.0
110,3112,4.5
110,3113,4.0
110,3114,4.0
110,3115,4.5
110,3116,4.5
110,3117,4.5
110,1030,4.0
110,3118,4.5
110,3119,4.0
110,1837,4.0
110,3120,4.0
110,3121,4.5
110,3122,4.0
110,3123,4.5
110,3124,4.0
110,3125,4.0
110,3126,4.0
110,3127,4.0
110,3128,4.0
110,3129,4.5
110,3130,4.0
110,3131,4.0
110,3132,4.0
110,3133,4.0
110,3134,4.0
110,3135,4.5
110,3136,4.5
110,3137,4.0
111,2,4.5
111,349,4.5
111,1475,4.0
111,354,5.0
111,3,5.0
111,4,5.0
111,361,4.0
111,368,4.0
111,370,4.0
111,373,4.0
111,511,4.5
111,13,5.0
111,610,4.0
111,396,4.0
111,422,4.0
111,21,5.0
111,428,4.5
111,28,4.0
111,444,5.0
111,56,5.0
111,58,5.0
111,61,5.0
111,71,4.0
111,710,4.0
111,1206,4.0
111,468,5.0
111,100,5.0
111,139,5.0
111,174,5.0
111,1249,4.0
111,479,5.0
111,484,5.0
111,492,5.0
111,204,5.0
111,206,4.5
111,545,4.0
111,789,4.0
111,208,4.5
111,551,5.0
111,812,4.0
111,638,5.0
112,646,4.0
112,381,4.0
112,13,4.0
112,237,5.0
112,647,5.0
112,408,5.0
112,16,4.0
112,512,4.0
112,613,5.0
112,28,4.0
112,434,4.0
112,449,4.0
112,615,4.0
112,252,5.0
112,855,4.0
112,253,5.0
112,2748,4.0
112,256,5.0
112,1708,5.0
112,1696,5.0
112,2001,5.0
112,857,5.0
112,37,5.0
112,1092,5.0
112,898,5.0
112,3138,5.0
112,48,5.0
112,263,4.0
112,1752,5.0
112,2568,4.0
112,1713,5.0
112,654,5.0
112,658,5.0
112,1578,5.0
112,1580,4.0
112,659,4.0
112,664,4.0
112,74,4.0
112,3139,4.0
112,3140,4.0
112,587,5.0
112,3141,5.0
112,1488,4.0
112,3142,4.0
112,84,5.0
112,3143,5.0
112,580,4.0
112,279,4.0
112,88,4.0
112,3144,4.0
112,1883,5.0
112,1758,4.0
112,3145,4.0
112,1589,4.0
112,1720,5.0
112,286,4.0
112,906,5.0
112,3146,4.0
112,3147,5.0
112,911,5.0
112,3148,4.0
112,3149,4.0
112,3150,5.0
112,296,5.0
112,3151,4.0
112,3152,5.0
112,155,5.0
112,3153,5.0
112,3154,5.0
112,175,4.0
112,3155,4.0
112,3156,5.0
112,2117,4.0
112,1106,5.0
112,2118,4.0
112,2326,4.0
112,1765,4.0
112,1766,4.0
112,3157,5.0
112,3158,5.0
112,3159,4.0
112,594,5.0
112,2013,4.0
112,3160,4.0
112,2156,4.0
112,3161,5.0
112,724,4.0
112,1417,5.0
112,1418,5.0
112,3162,4.0
112,3163,4.0
112,2641,4.0
113,123,4.0
113,174,4.0
113,329,4.0
113,730,4.0
113,483,4.0
113,987,4.0
113,496,4.5
113,1784,4.5
113,1655,4.0
113,213,4.5
113,3164,5.0
114,332,4.0
114,354,5.0
114,3165,4.0
114,13,5.0
114,339,5.0
114,413,4.0
114,242,4.0
114,414,4.0
114,20,4.0
114,21,5.0
114,3166,5.0
114,25,5.0
114,246,4.0
114,571,5.0
114,27,5.0
114,28,5.0
114,343,4.0
114,34,4.0
114,56,5.0
114,58,4.0
114,616,5.0
114,60,5.0
114,65,5.0
114,68,5.0
114,272,5.0
114,1583,5.0
114,1355,5.0
114,1275,5.0
114,1485,5.0
114,865,5.0
114,958,4.0
114,467,5.0
114,84,4.0
114,1362,4.0
114,1235,4.0
114,3167,4.0
114,580,4.0
114,528,5.0
114,584,5.0
114,100,5.0
114,1592,4.0
114,122,4.0
114,1600,4.0
114,3168,4.0
114,874,5.0
114,1248,4.0
114,2009,4.0
114,150,4.0
114,877,4.0
114,3169,5.0
114,918,5.0
114,1505,4.0
114,2580,4.0
114,303,5.0
114,160,4.0
114,165,5.0
114,1103,5.0
114,471,5.0
114,3170,4.0
114,885,4.0
114,1404,4.0
114,177,4.0
114,1406,4.0
114,621,5.0
114,315,5.0
114,623,5.0
114,187,5.0
114,600,4.0
114,190,5.0
114,1412,4.0
114,601,4.0
114,2014,4.0
114,196,5.0
115,375,4.0
115,1270,4.5
115,405,4.5
115,407,4.0
115,16,4.0
115,18,5.0
115,21,4.0
115,614,4.0
115,648,5.0
115,571,4.0
115,26,4.5
115,434,4.5
115,443,4.0
115,901,5.0
115,902,4.5
115,465,5.0
115,654,4.0
115,58,5.0
115,71,4.5
115,75,4.0
115,3140,4.0
115,903,4.5
115,1275,5.0
115,957,4.5
115,576,4.0
115,580,4.0
115,715,4.5
115,96,4.0
115,1246,5.0
115,112,4.5
115,129,4.5
115,1381,4.0
115,2722,5.0
115,187,4.5
115,478,4.0
115,489,4.0
115,986,4.0
115,1141,4.5
115,3171,4.0
116,346,4.0
116,347,4.0
116,332,4.0
116,353,4.0
116,355,4.0
116,3,4.0
116,4,4.0
116,361,4.0
116,3172,4.0
116,6,5.0
116,370,4.0
116,373,4.0
116,1200,4.0
116,1691,4.0
116,388,4.0
116,511,4.0
116,608,4.0
116,1048,4.0
116,394,4.0
116,396,4.0
116,339,4.0
116,1265,4.0
116,402,5.0
116,16,4.0
116,17,4.0
116,413,4.0
116,242,4.0
116,416,4.0
116,420,4.0
116,20,4.0
116,21,4.0
116,426,5.0
116,1202,4.0
116,427,4.0
116,429,4.0
116,22,5.0
116,614,4.0
116,849,4.0
116,24,4.0
116,25,4.0
116,1771,4.0
116,433,4.0
116,246,4.0
116,571,4.0
116,26,4.0
116,28,5.0
116,342,4.0
116,343,4.0
116,29,4.0
116,436,4.0
116,1573,4.0
116,650,4.0
116,445,4.0
116,1936,4.0
116,1347,4.0
116,899,4.0
116,900,4.0
116,901,4.0
116,858,4.0
117,339,4.0
117,22,4.0
117,26,4.0
117,30,4.0
117,615,5.0
117,1205,4.0
117,56,4.0
117,62,5.0
117,682,5.0
117,1880,4.0
117,86,4.0
117,3173,4.0
117,715,5.0
117,100,4.0
117,1113,4.0
117,879,4.0
118,955,4.0
118,568,5.0
118,647,5.0
118,339,4.0
118,399,4.0
118,402,4.5
118,16,4.0
118,413,5.0
118,419,4.0
118,1342,4.0
118,52,4.0
118,71,4.0
118,958,4.0
118,87,4.0
118,1594,4.0
118,716,5.0
118,124,4.0
118,139,4.0
118,298,4.0
118,720,4.0
118,174,5.0
118,721,4.5
118,3174,5.0
118,187,5.0
118,196,4.0
118,2262,4.0
118,2657,4.0
118,324,4.0
118,1513,4.5
118,475,4.0
118,1852,4.0
118,1251,4.0
118,1515,5.0
118,3175,4.5
118,1253,4.0
118,978,4.0
118,1894,4.0
118,477,4.5
118,478,5.0
118,479,5.0
118,480,5.0
118,1125,4.0
118,1073,4.5
118,518,4.0
118,731,4.0
118,980,4.0
118,484,4.5
118,485,4.5
118,735,4.5
118,488,4.0
118,737,4.0
118,1254,4.5
118,489,4.0
118,982,4.5
118,492,5.0
118,536,4.5
118,989,4.0
118,501,4.0
118,1140,5.0
118,2207,4.0
118,539,4.0
118,1777,4.0
118,992,4.0
118,1142,4.0
118,1076,4.0
118,3176,4.0
118,760,4.5
118,506,4.0
118,3177,4.0
118,1554,4.0
118,203,4.0
118,1175,4.0
118,508,5.0
118,1315,4.0
118,1078,5.0
118,1316,4.5
118,769,4.5
118,1317,4.0
118,1151,4.5
118,204,4.5
118,1154,4.0
118,778,4.0
118,677,4.0
118,1159,5.0
118,1679,4.0
118,629,4.5
118,3178,5.0
118,782,5.0
118,206,4.0
118,785,4.0
118,545,5.0
118,1680,5.0
118,1080,4.5
118,789,5.0
118,790,4.5
118,3179,4.5
118,207,4.0
118,1683,4.0
118,548,5.0
118,208,4.0
118,699,5.0
118,1865,4.5
118,549,4.0
118,700,4.0
118,798,4.0
118,3180,4.5
118,1803,5.0
118,801,4.0
118,1323,4.5
118,550,4.0
118,2100,4.5
118,3181,4.5
118,551,4.5
118,806,4.0
118,1806,5.0
118,552,4.5
118,3182,4.0
118,3183,4.5
118,3184,5.0
118,3185,4.0
118,812,4.0
118,3186,4.0
118,1013,4.0
118,815,5.0
118,1014,4.5
118,557,5.0
118,3187,5.0
118,2878,5.0
118,637,5.0
118,2716,4.0
118,3188,4.5
118,213,4.5
118,1328,4.5
118,2880,5.0
118,3189,4.0
118,1184,4.5
118,3190,5.0
118,3191,4.0
118,3192,4.0
118,1021,4.0
118,214,4.5
118,3193,4.5
118,1819,5.0
118,3194,4.0
118,1822,4.5
118,1022,5.0
118,825,4.0
118,826,5.0
118,1185,4.0
118,827,5.0
118,3195,4.0
118,3196,4.0
118,828,4.0
118,3197,4.5
118,215,4.0
118,1186,4.5
118,3198,4.0
118,2474,4.0
118,3199,4.0
118,3200,4.5
118,3201,4.0
118,643,4.0
118,3202,4.5
118,1026,4.0
118,3089,5.0
118,2924,4.5
118,3203,5.0
118,1334,4.0
118,3204,4.0
118,3205,4.5
118,834,4.5
118,836,5.0
118,3098,4.5
118,3206,4.5
118,3207,4.5
118,3115,4.0
118,844,4.5
119,345,4.0
119,13,5.0
119,30,5.0
119,32,4.0
119,446,4.0
119,615,5.0
119,61,5.0
119,3208,4.0
120,0,4.0
120,2,5.0
120,347,4.0
120,349,5.0
120,607,4.0
120,585,4.0
120,361,5.0
120,6,4.0
120,370,4.0
120,9,4.0
120,385,4.0
120,610,4.0
120,339,4.0
120,402,5.0
120,404,4.0
120,16,4.0
120,420,4.0
120,614,4.0
120,703,4.0
120,26,4.0
120,444,4.0
121,344,4.0
121,354,5.0
121,3,4.5
121,4,5.0
121,1476,4.5
121,368,4.0
121,646,5.0
121,460,5.0
121,11,4.5
121,511,4.5
121,13,5.0
121,610,5.0
121,396,4.0
121,339,5.0
121,402,5.0
121,16,5.0
121,1342,4.0
121,21,4.0
121,1463,4.0
121,849,5.0
121,703,4.5
121,571,5.0
121,27,4.5
121,28,5.0
121,30,5.0
121,2746,5.0
121,704,5.0
121,444,4.0
121,1188,5.0
121,615,5.0
121,35,5.0
121,48,5.0
121,49,5.0
121,50,5.0
121,51,5.0
121,55,5.0
121,56,5.0
121,57,5.0
121,655,5.0
121,616,5.0
121,60,5.0
121,61,5.0
121,62,5.0
121,63,5.0
121,268,4.0
121,64,4.5
121,65,5.0
121,1054,5.0
121,659,5.0
121,686,5.0
121,70,5.0
121,71,5.0
121,72,4.5
121,664,5.0
121,1881,4.5
121,2626,4.5
121,1194,5.0
121,1276,5.0
121,1233,5.0
121,1490,4.5
121,1235,5.0
121,713,4.5
121,87,5.0
121,1586,5.0
121,1111,4.0
121,584,4.5
121,715,5.0
121,285,4.5
121,1884,4.0
121,619,4.5
121,98,4.0
121,286,5.0
121,1034,5.0
121,2221,4.5
121,123,5.0
121,912,4.5
121,1605,5.0
121,136,5.0
121,138,5.0
121,139,5.0
121,149,4.5
121,1503,4.5
121,152,4.5
121,299,5.0
121,918,5.0
121,158,5.0
121,879,4.5
121,163,5.0
121,165,4.5
121,168,5.0
121,1729,4.5
121,2153,5.0
121,471,5.0
121,308,5.0
121,885,4.5
121,176,4.0
121,721,4.5
121,2762,4.0
121,722,5.0
121,1284,4.5
121,621,4.5
121,1121,5.0
121,190,4.5
121,191,4.5
121,196,4.0
121,604,4.5
121,1036,5.0
121,624,5.0
121,1300,4.0
121,605,5.0
121,931,4.5
121,933,5.0
121,606,4.0
121,324,4.5
121,725,5.0
121,2771,4.0
121,3209,4.5
121,1253,4.0
121,1894,5.0
121,1302,4.5
121,2699,4.5
121,2109,4.5
121,477,5.0
121,478,4.0
121,2281,4.0
121,939,5.0
121,3018,5.0
121,2020,4.0
121,1525,4.5
121,1041,4.5
121,1074,4.5
121,1902,4.5
121,485,4.5
121,1904,4.5
121,487,4.5
121,737,4.5
121,1171,5.0
121,740,5.0
121,1982,4.0
121,1911,4.5
121,2780,4.0
121,1991,4.5
121,2610,5.0
121,1043,5.0
121,1260,4.5
121,1646,4.5
121,1772,4.5
121,989,4.0
121,2033,4.0
121,1648,5.0
121,1856,5.0
121,1774,5.0
121,1775,4.0
121,675,4.0
121,1701,4.5
121,1857,4.5
121,1928,4.5
121,697,5.0
121,991,4.5
121,993,4.0
121,2702,4.5
121,1650,5.0
121,2190,4.5
121,2050,4.0
121,1313,5.0
121,202,4.0
121,996,5.0
121,3210,4.5
121,1147,4.5
121,203,5.0
121,1175,5.0
121,628,5.0
121,508,4.5
121,1667,5.0
121,767,5.0
121,1669,5.0
121,3211,4.5
121,2820,4.5
121,2821,4.0
121,1671,5.0
121,1673,5.0
121,1317,4.5
121,3212,4.5
121,773,5.0
121,1044,5.0
121,1151,4.0
121,1045,5.0
121,3213,4.0
121,204,4.0
121,1000,4.5
121,3214,4.5
121,677,5.0
121,1156,4.5
121,1319,4.5
121,2132,5.0
121,1679,4.5
121,2073,4.0
121,1079,4.5
121,1320,4.5
121,3215,4.5
121,1177,5.0
121,545,5.0
121,1680,4.5
121,1681,4.5
121,2082,4.5
121,3216,4.0
121,1682,4.5
121,2707,5.0
121,789,4.5
121,207,5.0
121,794,4.0
121,795,4.0
121,3046,4.0
121,208,4.5
121,2134,4.5
121,796,5.0
121,699,5.0
121,3217,4.5
121,2136,5.0
121,211,5.0
121,2852,5.0
121,2099,5.0
121,2137,5.0
121,801,5.0
121,1178,4.5
121,2246,4.5
121,551,4.0
121,2248,4.0
121,1806,4.0
121,1870,5.0
121,1180,4.5
121,2251,5.0
121,1010,4.5
121,2252,4.0
121,2857,5.0
121,3218,4.0
121,556,4.5
121,2715,5.0
121,3219,5.0
121,3220,4.0
121,812,5.0
121,3186,4.5
121,635,4.0
121,2105,4.0
121,1014,4.5
121,3221,4.5
121,3222,4.0
121,1810,5.0
121,816,4.5
121,636,4.5
121,213,5.0
121,2880,5.0
121,1814,4.5
121,1184,4.5
121,638,5.0
121,3223,4.5
121,823,4.0
121,3224,5.0
121,1330,4.5
121,1022,4.0
121,2717,4.0
121,1023,4.0
121,828,4.5
121,2899,5.0
121,3225,5.0
121,215,5.0
121,641,5.0
121,829,4.0
121,1333,5.0
121,642,4.0
121,2917,4.0
121,1334,5.0
121,3226,4.5
121,644,4.0
121,1028,4.0
122,3,4.5
122,13,4.5
122,339,4.0
122,402,4.0
122,28,4.0
122,56,4.0
122,124,4.5
122,139,4.0
122,163,4.5
122,670,4.5
122,1894,4.0
122,477,4.0
122,761,4.0
122,628,4.0
122,767,4.0
122,773,4.0
122,1786,4.5
122,777,4.0
122,1156,4.0
122,1790,4.0
122,206,4.0
122,1792,4.5
122,3227,4.0
122,1683,4.5
122,208,4.0
122,699,4.5
122,3228,4.0
122,632,4.0
122,1800,4.5
122,801,4.0
122,803,4.0
122,806,4.0
122,1325,4.5
122,1543,4.0
122,812,4.5
122,1327,4.0
122,638,4.5
122,639,4.5
122,640,4.5
122,823,4.0
122,1330,4.5
122,826,4.5
122,3229,4.0
123,0,4.0
123,4,4.5
123,3006,4.0
123,13,4.0
123,339,4.5
123,402,4.5
123,16,5.0
123,1463,4.0
123,28,4.0
123,30,5.0
123,52,4.0
123,56,4.5
123,61,4.5
123,657,4.0
123,572,5.0
123,687,4.0
123,80,4.0
123,84,4.0
123,581,4.0
123,2325,4.5
123,715,4.0
123,124,4.5
123,298,4.0
123,155,5.0
123,174,4.5
123,1400,4.5
123,690,4.0
123,1119,4.5
123,1889,4.0
123,624,5.0
123,670,4.5
123,480,4.0
123,733,4.5
123,1904,4.0
123,737,5.0
123,744,5.0
123,1315,4.5
124,344,4.0
124,6,4.5
124,1448,4.0
124,513,5.0
124,610,5.0
124,339,4.5
124,402,4.0
124,404,5.0
124,16,5.0
124,3230,4.5
124,703,4.0
124,571,4.0
124,28,4.0
124,615,4.5
124,2557,4.5
124,262,4.5
124,1474,4.5
124,654,5.0
124,59,4.5
124,61,4.0
124,1273,4.0
124,682,4.5
124,68,4.0
124,662,4.5
124,70,4.5
124,71,5.0
124,958,4.0
124,86,5.0
124,3231,4.5
124,87,4.5
124,3232,4.5
124,1600,5.0
124,127,4.5
124,139,5.0
124,141,4.5
124,2688,5.0
124,149,4.0
124,301,4.0
124,155,5.0
124,879,4.0
124,163,5.0
124,171,5.0
124,307,4.0
124,174,4.0
124,3233,5.0
124,3234,5.0
124,670,4.0
124,1253,4.0
124,3235,4.0
124,1039,4.5
124,1124,4.5
124,939,4.5
124,480,4.0
124,3236,5.0
124,1900,4.5
124,525,4.5
124,693,4.0
124,489,4.0
124,201,4.5
124,3237,4.0
124,3238,5.0
124,2780,5.0
124,743,5.0
124,3239,5.0
124,744,4.5
124,2784,5.0
124,1043,4.5
124,3240,5.0
124,1919,4.0
124,500,5.0
124,2791,5.0
124,3241,5.0
124,3242,4.0
124,3243,4.5
124,675,4.5
124,3244,4.0
124,2809,4.0
124,3245,4.5
124,540,4.0
124,1076,4.0
124,1932,5.0
124,1146,4.0
124,1264,4.5
124,3246,4.5
124,765,4.5
124,996,4.0
124,1147,4.5
124,203,4.0
124,1175,4.5
124,3247,4.5
124,1654,4.5
124,998,4.0
124,2621,5.0
124,1671,4.5
124,3248,4.5
124,1785,4.0
124,3249,5.0
124,204,4.0
124,778,4.0
124,677,4.0
124,3034,4.0
124,205,4.0
124,2829,5.0
124,3250,4.5
124,2071,4.5
124,3036,4.5
124,3251,4.5
124,3252,5.0
124,2835,4.0
124,3253,4.5
124,3254,5.0
124,545,4.0
124,1080,4.0
124,631,4.0
124,2322,4.5
124,3255,4.5
124,3256,4.5
124,3257,4.5
124,1081,4.0
124,2707,5.0
124,789,4.5
124,3258,4.5
124,1683,4.0
124,794,4.0
124,208,4.0
124,1796,4.0
124,2134,4.0
124,796,4.0
124,2135,4.0
124,3259,4.0
124,3260,5.0
124,1323,4.0
124,3261,4.5
124,550,4.0
124,2100,4.0
124,3262,4.5
124,3263,4.5
124,3264,4.5
124,552,4.0
124,3265,4.5
124,3266,4.5
124,1180,4.0
124,2251,4.5
124,3267,4.5
124,1010,4.5
124,2857,5.0
124,3183,4.5
124,3268,4.5
124,3269,4.5
124,3058,4.0
124,1325,4.5
124,1933,4.0
124,634,4.0
124,3270,4.5
124,3271,4.5
124,812,4.0
124,3272,4.0
124,3273,4.5
124,813,4.5
124,3274,5.0
124,3275,4.5
124,3276,4.5
124,1810,4.5
124,559,4.0
124,3277,4.5
124,213,4.5
124,1328,4.0
124,2880,4.0
124,3278,4.5
124,2886,4.0
124,3279,4.5
124,3280,4.5
124,3069,4.0
124,3281,4.0
124,639,4.0
124,2891,4.0
124,214,4.0
124,3282,4.0
124,1818,4.0
124,1821,4.0
124,1022,4.0
124,1824,4.0
124,1331,4.5
124,3072,4.0
124,828,4.0
124,215,4.5
124,1186,4.5
124,1025,4.0
124,3283,4.0
124,3284,4.0
124,2141,4.0
124,1333,4.0
124,3285,4.0
124,3286,4.5
124,642,4.0
124,2917,4.0
124,3287,4.0
124,2924,4.0
124,3288,4.0
124,3289,4.0
124,1832,4.0
124,3090,4.0
124,3290,4.5
124,3291,4.5
124,3292,4.0
124,3293,4.0
124,3294,4.5
124,3295,4.0
124,3296,4.0
124,644,4.0
124,1028,4.0
124,3297,4.0
124,3298,4.0
124,3299,4.0
124,3096,4.0
124,3300,4.0
124,841,4.0
124,3301,4.0
124,3302,5.0
124,1833,4.5
124,3303,4.0
124,842,4.0
124,3304,4.0
124,3108,4.0
124,2953,4.0
124,2955,4.0
124,3305,4.0
124,3115,4.0
124,843,4.0
124,3306,4.0
124,1838,4.0
124,3307,4.0
124,1839,5.0
124,1842,5.0
125,3,5.0
125,6,4.0
125,373,4.0
125,1445,4.0
125,460,4.0
125,402,5.0
125,403,4.0
125,15,4.0
125,16,4.0
125,413,5.0
125,18,5.0
125,415,5.0
125,416,5.0
125,422,5.0
125,20,5.0
125,427,4.0
125,26,4.0
125,343,4.0
126,255,4.0
126,651,5.0
126,664,4.0
126,1718,4.0
126,284,4.0
126,878,4.0
126,689,4.0
126,190,4.0
126,199,5.0
126,3308,4.0
126,771,5.0
127,6,5.0
127,13,5.0
127,28,5.0
127,30,5.0
127,250,5.0
127,253,5.0
127,2747,5.0
127,254,5.0
127,1091,4.0
127,256,5.0
127,35,4.0
127,2143,5.0
127,2749,5.0
127,36,5.0
127,1709,4.0
127,37,4.0
127,2328,5.0
127,1576,4.0
127,3309,5.0
127,49,4.0
127,55,4.0
127,56,4.0
127,58,5.0
127,683,4.0
127,1056,5.0
127,75,4.0
127,710,4.0
127,1485,4.0
127,580,4.0
128,6,4.0
128,1448,4.0
128,896,4.0
128,13,4.0
128,400,4.5
128,434,4.0
128,462,4.0
128,32,4.0
128,443,4.0
128,48,4.0
128,465,4.0
128,56,4.0
128,57,5.0
128,61,4.0
128,65,4.0
128,903,4.5
128,864,4.5
128,957,4.0
128,86,4.0
128,1490,5.0
128,528,4.5
128,100,4.5
128,111,4.0
128,2578,4.5
128,1594,4.0
128,119,4.5
128,873,4.0
128,139,4.5
128,149,4.5
128,300,4.0
128,155,4.5
128,1391,4.5
128,158,4.0
128,163,4.0
128,165,4.0
128,666,4.5
128,170,4.0
128,889,4.0
128,1889,5.0
128,187,4.5
128,1959,4.0
128,892,4.0
128,196,4.0
128,319,4.0
128,3310,4.5
128,1514,4.0
128,937,4.0
128,1252,4.0
128,477,4.0
128,329,4.0
128,478,4.0
128,479,4.5
128,1125,4.5
128,3311,4.0
128,731,4.0
128,481,4.0
128,1523,4.0
128,482,4.5
128,483,4.0
128,484,4.5
128,3312,4.5
128,1906,4.5
128,487,4.5
128,488,4.0
128,1254,4.0
128,489,4.0
128,1042,4.0
128,490,4.0
128,201,4.5
128,695,4.5
128,491,5.0
128,492,4.5
128,1043,4.0
128,1135,4.5
128,987,4.0
128,989,4.0
128,747,4.0
128,1648,4.0
128,1774,4.5
128,3313,4.5
128,697,4.0
128,1777,4.5
128,1310,5.0
128,993,5.0
128,540,4.5
128,1076,4.0
128,3314,4.5
128,1650,4.0
128,994,4.0
128,541,4.0
128,1779,4.0
128,760,4.5
128,2231,4.0
128,505,4.5
128,764,4.0
129,6,5.0
129,373,4.0
129,1445,4.0
129,1270,4.0
129,460,4.0
129,382,5.0
129,11,4.0
129,511,4.0
129,396,5.0
129,339,4.0
129,402,5.0
129,405,4.0
129,1268,4.0
129,1456,4.0
130,3,4.0
130,4,4.0
130,646,4.0
130,647,4.0
130,339,4.0
130,402,4.0
130,648,4.0
130,28,4.0
130,30,4.0
130,704,4.0
130,615,4.0
130,254,4.0
130,50,4.0
130,1205,4.5
130,62,4.0
130,63,4.5
130,682,4.0
130,683,4.5
130,1053,4.0
130,664,4.0
130,84,4.0
130,1390,4.0
130,670,4.0
130,672,4.0
130,693,4.0
130,204,4.0
130,208,4.0
130,803,4.0
130,551,4.0
131,3,4.0
131,4,4.0
131,337,4.0
131,610,4.0
131,647,4.0
131,339,4.0
131,1213,4.0
131,402,4.5
131,240,4.0
131,16,4.0
131,413,4.5
131,343,4.5
131,251,4.0
131,253,4.0
131,255,4.0
131,900,4.0
131,902,4.0
131,2111,4.0
131,268,4.0
131,685,4.0
131,1057,4.0
131,713,4.0
131,285,4.0
131,119,4.0
131,123,4.0
131,716,4.0
131,124,4.0
131,1499,4.0
131,139,4.5
131,590,4.0
131,914,4.5
131,155,4.5
131,163,4.0
131,168,4.0
131,1398,4.5
131,1284,4.0
131,1889,4.0
131,624,4.0
131,319,4.0
131,670,4.0
131,325,4.5
131,1514,4.0
131,3209,4.0
131,3315,4.0
131,1039,4.5
131,2109,4.5
131,671,4.0
131,479,4.5
131,486,4.0
131,3316,4.0
131,1042,4.0
131,490,4.0
131,201,4.5
131,531,4.5
131,1913,4.0
131,492,4.0
131,744,4.0
131,1043,4.5
131,3317,4.0
131,2789,4.0
131,3318,4.0
131,3319,4.0
131,1141,4.0
131,697,4.0
131,1777,4.0
131,3320,4.0
131,1313,4.0
131,1077,4.0
131,1669,4.0
132,354,4.0
132,3,4.0
132,402,4.0
132,16,4.0
132,20,4.0
132,2719,4.0
132,22,4.0
133,3,4.0
133,6,5.0
133,1445,4.0
133,1270,4.0
133,1448,4.0
133,511,4.0
133,610,4.0
133,339,4.0
133,400,4.0
133,15,4.0
133,1342,4.0
133,422,4.0
133,613,4.0
133,25,4.0
133,26,5.0
133,28,5.0
133,343,5.0
134,0,4.0
134,354,5.0
134,3,5.0
134,6,4.0
134,369,4.0
134,370,4.0
134,1270,5.0
134,701,4.0
134,513,5.0
134,13,4.0
134,396,4.0
134,647,4.0
134,339,4.0
134,1265,4.0
134,402,5.0
134,18,4.0
134,415,4.0
134,1456,4.0
134,20,4.0
134,21,5.0
134,2565,5.0
134,22,5.0
134,849,4.0
134,433,4.0
134,571,4.0
134,27,5.0
134,28,5.0
134,30,4.0
134,462,4.0
134,1471,4.0
134,1269,4.0
134,3321,4.0
134,1479,4.0
134,1346,4.0
134,1480,4.0
134,615,4.0
134,3322,5.0
134,256,4.0
134,34,5.0
134,3323,4.0
134,679,5.0
134,48,5.0
134,261,4.0
134,53,4.0
134,2568,4.0
134,55,5.0
134,56,4.0
134,57,5.0
134,58,4.0
134,655,5.0
134,616,5.0
134,267,5.0
134,59,5.0
134,61,4.0
134,62,4.0
134,63,4.0
134,1273,5.0
134,64,4.0
134,658,4.0
134,68,5.0
134,271,5.0
134,70,5.0
134,75,4.0
134,1549,4.0
134,572,5.0
134,712,4.0
134,1354,4.0
134,1355,4.0
134,1275,5.0
134,1485,4.0
134,3324,4.0
134,1208,4.0
134,275,4.0
134,1210,4.0
134,3325,5.0
134,3326,4.0
134,80,5.0
134,82,4.0
134,958,4.0
134,576,4.0
134,598,4.0
134,617,5.0
134,516,4.0
134,1235,4.0
134,87,4.0
134,3327,5.0
134,1587,5.0
134,281,5.0
134,714,4.0
134,1111,5.0
134,584,5.0
134,94,4.0
134,95,4.0
134,285,4.0
134,96,5.0
134,3328,4.0
134,1759,4.0
134,100,4.0
134,1494,5.0
134,286,4.0
134,112,4.0
134,1496,4.0
134,1594,4.0
134,122,4.0
134,517,5.0
134,1372,4.0
134,716,4.0
134,127,4.0
134,1280,5.0
134,129,4.0
134,717,5.0
134,136,4.0
134,139,5.0
134,298,4.0
134,149,4.0
134,150,5.0
134,963,4.0
134,877,4.0
134,1384,4.0
134,917,4.0
134,878,4.0
134,300,5.0
134,3169,4.0
134,918,5.0
134,1505,4.0
134,155,4.0
134,158,4.0
134,163,5.0
134,881,4.0
134,164,4.0
134,165,5.0
134,168,4.0
134,2010,4.0
134,1729,4.0
134,171,5.0
134,1394,4.0
134,1952,4.0
134,1104,4.0
134,885,4.0
134,886,4.0
134,1117,4.0
134,176,5.0
134,690,4.0
134,3329,4.0
134,887,4.0
134,181,4.0
134,2326,4.0
134,184,4.0
134,186,4.0
134,600,4.0
134,3330,4.0
134,2588,4.0
134,194,5.0
134,1621,4.0
134,196,4.0
134,3331,4.0
134,929,4.0
134,1036,4.0
134,1299,4.0
134,1627,5.0
134,319,5.0
134,1301,4.0
134,3332,4.0
134,1420,4.0
134,1891,4.0
134,670,5.0
134,475,4.0
134,3333,4.0
134,3334,4.0
134,3335,4.0
134,692,4.0
134,3336,5.0
134,1894,5.0
134,329,4.0
134,479,5.0
135,955,5.0
135,348,5.0
135,349,5.0
135,1441,5.0
135,3,5.0
135,361,5.0
135,366,4.0
135,367,4.0
135,6,5.0
135,7,5.0
135,1270,4.0
135,460,5.0
135,376,4.0
135,568,4.0
135,3337,5.0
135,377,5.0
135,378,5.0
135,10,5.0
135,382,4.0
135,12,4.0
135,388,5.0
135,511,4.0
135,586,4.0
135,3338,4.0
135,392,4.0
135,393,4.0
135,1748,5.0
135,609,5.0
135,14,5.0
135,404,5.0
135,405,4.0
135,406,4.0
135,15,5.0
135,407,5.0
135,409,5.0
135,413,5.0
135,18,4.0
135,702,5.0
135,420,5.0
135,20,5.0
135,423,5.0
135,2719,4.0
135,426,5.0
135,27,4.0
135,438,4.0
136,0,4.0
136,6,4.0
136,646,5.0
136,1201,5.0
136,13,4.0
136,1048,4.0
136,648,5.0
136,246,4.0
136,28,4.0
136,30,4.5
136,463,5.0
136,615,5.0
136,855,4.0
136,253,4.0
136,254,4.5
136,255,4.0
136,256,5.0
136,651,4.5
136,34,5.0
136,514,5.0
136,35,5.0
136,464,4.0
136,1710,5.0
136,1162,4.0
136,38,4.5
136,1092,4.0
136,680,4.0
136,55,5.0
136,654,4.0
136,56,4.0
136,58,4.5
136,616,4.0
136,267,4.5
136,1163,5.0
136,60,5.0
136,63,5.0
136,268,5.0
136,682,5.0
136,269,5.0
136,683,4.5
136,658,5.0
136,1351,4.0
136,1053,4.5
136,1054,4.5
136,1164,4.0
136,659,4.5
136,270,5.0
136,660,4.0
136,1165,5.0
136,274,5.0
136,1700,4.5
136,665,5.0
136,1582,4.0
136,1583,4.5
136,580,4.0
136,93,4.5
136,3339,5.0
136,1033,4.0
136,1759,4.5
136,100,4.0
136,1494,5.0
136,3340,4.0
136,139,4.0
136,299,4.5
136,3341,4.0
136,168,4.0
136,722,4.0
136,1766,4.5
136,1742,4.0
136,190,4.0
136,3342,4.0
136,669,4.5
136,2767,4.0
136,475,4.0
136,3343,4.5
136,479,5.0
136,480,4.0
136,3344,4.0
136,3345,4.5
136,484,4.5
136,737,4.0
136,3346,5.0
136,739,4.0
136,2177,4.5
136,492,5.0
136,3347,4.0
136,1069,4.5
136,3348,4.0
136,1141,4.0
137,381,5.0
137,436,4.5
137,217,4.5
137,250,5.0
137,3349,5.0
137,2149,4.0
137,288,5.0
137,3350,5.0
137,1512,5.0
137,319,5.0
137,3351,4.5
137,778,5.0
138,13,4.0
138,58,4.0
138,601,4.0
138,1123,4.0
138,479,4.0
138,484,4.0
138,492,4.0
138,1143,4.0
138,1156,4.0
138,551,4.0
138,811,4.0
138,1812,4.0
138,641,4.0
139,2,5.0
139,347,4.0
139,332,4.0
139,333,4.0
139,3,4.0
139,361,4.5
139,363,4.0
139,1749,4.0
139,6,4.0
139,373,5.0
139,7,4.0
139,1270,4.0
139,460,4.0
139,1448,4.0
139,13,4.0
139,337,4.0
139,647,5.0
139,339,4.0
139,401,4.0
139,402,4.0
139,15,4.0
139,16,4.0
139,17,4.0
139,413,4.0
139,415,4.0
139,416,4.0
139,3352,4.0
139,420,4.5
139,422,4.0
139,20,4.0
139,340,4.0
139,21,4.0
139,427,4.0
139,22,5.0
139,570,4.0
139,25,4.0
139,26,5.0
139,28,4.0
139,343,5.0
139,434,5.0
139,3353,4.0
139,30,5.0
139,439,4.0
139,462,4.0
139,444,4.0
139,3354,4.0
139,248,4.0
139,1480,4.0
139,450,4.0
139,451,4.0
139,615,5.0
139,1223,4.0
139,256,4.0
139,257,4.0
139,34,4.0
139,258,5.0
139,464,4.0
139,1092,4.0
139,452,5.0
139,3355,4.0
139,898,4.0
139,1093,4.0
139,3356,4.0
139,3349,4.0
139,1094,4.0
139,900,4.0
139,901,5.0
139,679,4.0
139,48,4.0
139,262,4.0
139,51,4.0
139,53,4.0
139,465,4.5
139,58,4.0
139,616,4.5
139,681,4.0
139,1163,5.0
139,63,4.0
139,1351,4.0
139,684,5.0
139,270,5.0
139,1096,5.0
139,272,4.0
139,1165,5.0
139,664,4.0
139,1190,4.5
139,1583,5.0
139,1275,4.0
139,1206,4.0
139,3357,4.0
139,573,4.0
139,1698,4.0
139,3358,4.0
139,79,5.0
139,574,4.0
139,466,5.0
139,3359,4.0
139,467,5.0
139,84,4.0
139,516,5.0
139,1235,4.0
139,200,4.0
139,580,4.0
139,3360,5.0
139,713,4.0
139,1587,4.0
139,1883,4.0
139,3361,4.0
139,3145,4.0
139,3362,5.0
139,715,4.0
139,96,4.0
139,469,4.0
139,1367,4.0
139,100,5.0
139,1720,4.0
139,3363,4.0
139,3364,4.0
139,106,4.0
139,908,4.0
139,688,4.0
139,121,4.0
139,1113,4.0
139,1944,4.0
139,125,4.0
139,1945,4.5
139,1723,4.0
139,1499,4.0
139,133,4.0
139,1115,4.0
139,1377,4.0
139,1500,4.0
139,138,4.0
139,139,4.0
139,1381,4.0
139,143,4.0
139,3365,4.0
139,151,4.0
139,2722,4.0
139,878,4.0
139,3152,4.0
139,153,4.0
139,2633,4.0
139,155,4.0
139,1389,4.0
139,1391,4.0
139,159,4.0
139,160,4.0
139,719,4.0
139,173,4.0
139,1951,4.0
139,1394,4.0
139,1952,4.0
139,1104,4.0
139,1734,4.0
139,3366,5.0
139,175,4.0
139,1397,4.0
139,3367,5.0
139,3368,4.0
139,1953,4.0
139,1763,4.0
139,311,5.0
139,1401,4.0
139,3156,4.0
139,1406,4.0
139,2117,4.0
139,1120,4.0
139,1407,5.0
139,1170,4.5
139,3369,4.0
139,182,4.0
139,1106,4.0
139,890,4.0
139,1740,4.0
139,315,4.0
139,623,4.0
139,187,4.0
139,1107,4.0
139,691,4.0
139,3370,5.0
139,1249,4.0
139,2156,4.0
139,3371,4.0
139,601,4.0
139,928,4.0
139,1108,4.0
139,3372,4.0
139,473,5.0
139,2993,4.0
139,3373,4.0
139,930,4.0
139,474,4.0
139,1301,4.0
139,2017,4.0
139,321,4.0
139,322,4.0
139,3374,4.0
139,3375,4.0
139,3376,4.0
139,2657,4.0
139,3377,4.0
139,1123,5.0
139,3378,5.0
139,3379,4.0
139,3380,4.0
139,937,4.0
139,1424,4.0
139,1425,4.0
139,726,5.0
139,3381,4.0
139,3382,4.0
139,3383,5.0
139,1438,4.0
139,2698,4.0
139,1894,4.0
139,3384,4.0
139,3315,4.0
139,1039,4.0
139,1072,4.0
139,3385,4.5
139,2109,4.0
139,2110,4.0
139,477,4.0
139,1040,4.0
139,3386,4.0
139,480,5.0
139,1125,4.0
139,942,4.0
139,943,4.0
139,199,4.0
139,1073,4.0
139,944,4.0
139,3387,4.0
139,3388,4.0
139,518,4.0
139,3389,4.0
139,3390,4.0
139,945,5.0
139,947,4.0
139,731,4.0
139,732,4.0
139,2600,4.0
139,3391,4.0
139,3392,4.0
139,2166,5.0
139,484,4.0
139,485,4.0
139,3393,4.0
139,3394,4.0
139,737,4.0
139,1254,5.0
139,3395,4.0
139,3396,4.0
139,3397,4.5
139,1128,4.0
139,739,4.0
139,3398,4.0
139,2652,5.0
139,1983,5.0
139,1986,5.0
139,1987,4.0
139,3399,5.0
139,532,4.0
139,492,5.0
139,1914,4.5
139,3400,4.0
139,494,4.0
139,1997,4.0
139,501,4.5
139,3401,4.0
139,1140,4.5
139,1310,4.5
139,626,4.0
139,1142,4.0
139,1931,4.5
139,3402,4.5
139,3403,4.0
139,1661,4.0
139,1779,4.0
139,3404,5.0
139,1145,4.0
139,2045,4.0
139,508,4.0
139,1149,4.0
140,0,4.0
140,13,4.0
140,339,4.0
140,402,4.0
140,16,4.0
140,413,4.0
140,1463,4.0
140,246,4.0
140,3405,4.0
140,61,4.5
140,617,4.0
140,87,4.0
140,285,4.0
140,100,4.0
140,912,4.0
140,136,4.0
140,163,5.0
140,169,4.0
140,471,4.5
140,885,4.0
140,311,4.0
140,1407,5.0
140,185,4.0
140,1411,5.0
140,187,5.0
140,1415,4.5
140,605,4.5
140,933,4.5
140,475,4.0
140,477,4.0
140,478,4.0
140,479,4.0
140,481,4.0
140,482,4.5
140,737,4.5
140,489,4.0
140,742,4.5
140,492,4.0
140,987,4.0
140,495,4.5
140,988,4.0
140,1772,4.5
140,1648,4.0
140,501,4.5
140,994,4.5
140,760,5.0
140,1077,5.0
140,1667,5.0
140,204,5.0
140,677,5.0
140,545,5.0
140,1003,4.0
140,678,4.0
140,699,5.0
140,551,4.0
140,812,5.0
140,819,5.0
140,638,5.0
140,825,4.5
140,1186,5.0
140,643,4.5
140,1334,4.0
141,333,4.0
141,334,4.0
141,3,4.0
141,4,5.0
141,373,5.0
141,1270,5.0
141,382,4.0
141,395,4.0
141,339,5.0
141,404,4.0
141,1268,4.0
141,16,4.0
141,413,4.0
141,18,4.0
141,415,4.0
141,416,4.0
141,420,4.0
141,20,4.0
141,340,4.0
141,428,4.0
141,22,5.0
141,246,5.0
141,26,4.0
141,28,5.0
141,343,4.0
142,16,5.0
142,580,4.0
142,2008,5.0
142,963,4.5
142,196,4.5
142,475,5.0
142,529,5.0
142,3406,5.0
142,2025,4.0
142,3407,4.5
142,737,4.0
142,2730,4.0
142,3408,5.0
142,2028,4.0
142,534,5.0
142,1308,5.0
142,3409,5.0
142,537,4.0
142,3410,5.0
142,3411,4.0
142,2126,4.0
142,3412,4.0
142,545,5.0
142,2079,5.0
142,1680,5.0
142,630,5.0
142,2083,4.0
142,678,4.0
142,1684,5.0
142,801,4.0
142,3186,4.0
142,1014,4.0
142,557,4.0
142,3413,4.0
142,560,4.0
143,350,4.0
143,354,4.0
143,3,4.5
143,895,4.5
143,6,4.5
143,9,4.0
143,513,4.0
143,511,4.5
143,610,4.0
143,339,4.0
143,404,4.0
143,16,4.0
143,512,4.0
143,413,4.5
143,243,4.5
143,24,4.0
143,246,4.5
143,26,5.0
143,28,4.5
143,32,4.0
143,704,4.0
143,900,4.5
143,901,4.5
143,1226,4.5
143,858,4.0
143,1752,4.0
143,654,4.0
143,75,4.0
143,1206,4.0
143,1485,4.0
143,869,4.0
143,112,4.0
143,124,5.0
143,139,4.0
143,963,4.0
143,299,4.0
143,155,4.0
143,163,4.0
143,174,4.0
143,187,4.0
143,319,4.5
143,930,4.5
143,670,5.0
143,475,5.0
143,671,4.0
143,479,4.5
143,482,4.0
143,484,4.5
143,737,5.0
143,489,5.0
143,3414,4.0
143,2731,4.0
143,492,4.5
143,986,5.0
143,987,4.0
143,1924,5.0
143,3415,4.0
144,0,5.0
144,4,5.0
144,646,4.0
144,1270,4.0
144,339,4.0
144,246,4.0
144,26,4.0
144,343,4.0
145,354,5.0
145,447,4.0
145,908,4.0
145,2009,4.0
145,621,4.0
145,1958,4.0
145,1308,4.5
145,2808,5.0
145,1663,4.0
146,345,4.5
146,9,4.5
146,382,5.0
146,461,4.0
146,24,4.5
146,703,4.5
146,684,4.5
146,863,5.0
146,1071,4.0
146,598,5.0
146,3416,4.5
147,16,4.0
147,1514,4.0
147,329,4.0
147,483,4.0
147,987,4.0
147,3417,5.0
147,697,4.0
147,596,5.0
147,994,4.0
147,760,4.0
147,1655,4.0
147,677,4.5
147,545,4.0
147,1003,4.0
147,789,4.0
147,796,4.0
147,1798,4.0
147,1684,4.5
147,1008,4.0
147,803,4.0
147,3418,4.5
147,1872,5.0
147,1184,4.0
147,1816,4.0
147,826,4.5
147,215,4.0
147,643,4.0
147,1028,4.0
147,3419,4.5
148,354,4.0
148,13,4.0
148,400,4.0
148,648,4.0
148,1271,5.0
148,1050,4.0
148,463,5.0
148,1346,4.0
148,53,4.0
148,61,4.0
148,63,5.0
148,68,4.0
148,2112,5.0
148,3420,4.0
148,710,4.0
148,1194,4.0
148,864,4.0
148,1490,5.0
149,2,4.0
149,607,4.0
149,354,5.0
149,334,4.0
149,2290,4.0
149,370,5.0
149,30,4.0
149,462,4.0
149,32,4.0
149,444,4.0
149,1347,4.0
149,710,5.0
150,0,5.0
150,3421,4.0
150,361,4.0
150,367,4.0
150,1444,4.0
150,368,5.0
150,10,4.0
150,435,4.0
150,437,4.0
150,3405,4.0
150,1573,4.0
150,443,4.0
150,956,4.0
150,3422,4.0
150,1478,4.0
150,1479,4.0
150,1704,4.0
150,1346,5.0
150,1936,4.0
150,446,5.0
150,3423,4.0
150,854,4.0
150,3424,4.0
150,451,4.0
150,3425,4.0
150,1712,4.0
150,48,4.0
150,70,5.0
150,2625,4.0
150,687,5.0
150,1207,4.0
150,1208,4.0
150,3426,4.0
151,3,5.0
151,4,4.5
151,646,5.0
151,339,4.5
151,22,4.5
151,648,4.0
151,28,4.5
151,30,4.0
151,463,5.0
151,615,5.0
151,253,4.0
151,254,4.0
151,654,4.5
151,267,5.0
151,656,4.5
151,62,4.0
151,682,4.0
151,684,4.0
151,124,5.0
151,139,4.0
151,155,4.0
151,163,5.0
151,693,4.5
151,1172,4.5
151,744,5.0
151,675,4.5
151,762,4.0
151,775,4.0
151,204,4.0
151,2132,4.0
151,1176,4.0
151,1160,4.0
151,2074,4.5
151,1681,5.0
151,1081,4.0
151,2707,4.5
151,1863,4.0
151,2849,4.5
151,2853,4.5
151,1322,4.0
151,3261,4.0
151,1804,4.0
151,1325,4.0
151,825,4.5
152,709,4.5
152,2310,4.0
152,1235,4.5
152,200,4.0
152,1398,4.0
152,624,4.0
152,930,4.0
152,670,4.0
152,1124,4.5
152,671,5.0
152,3316,4.0
152,742,4.0
152,3239,4.0
152,744,5.0
152,1647,4.5
152,3427,4.0
152,541,4.0
152,760,4.0
152,1313,4.0
152,1317,5.0
152,1656,4.0
152,3428,4.5
152,2101,4.0
152,1868,5.0
152,2857,5.0
152,3429,4.0
152,2716,4.0
152,1544,4.0
152,2880,4.0
152,819,4.0
152,2892,4.0
152,3430,4.5
152,1833,4.5
152,3431,4.5
152,1087,4.0
153,16,5.0
153,53,5.0
153,200,5.0
153,329,5.0
153,545,5.0
153,1003,5.0
153,2322,5.0
153,789,5.0
153,1683,5.0
153,795,4.0
153,208,5.0
153,1798,5.0
153,803,5.0
153,1807,5.0
153,3418,5.0
153,3432,4.0
153,1184,5.0
153,638,5.0
153,1816,5.0
153,823,5.0
153,1819,4.0
153,1022,5.0
153,828,5.0
153,1826,5.0
153,829,5.0
153,1186,5.0
153,1028,4.5
153,1029,4.5
154,13,4.0
154,14,4.0
154,418,4.0
154,616,4.0
154,958,4.0
154,281,4.0
154,3433,4.0
154,468,4.0
154,584,4.0
154,100,4.0
154,912,4.0
154,136,5.0
154,143,5.0
154,2722,4.0
154,3434,5.0
154,163,4.0
154,171,4.0
154,885,4.0
154,3435,4.0
154,3436,4.0
154,623,4.0
154,187,4.0
154,3437,5.0
154,195,4.0
154,892,4.0
154,196,4.0
155,0,4.0
155,350,4.0
155,332,5.0
155,607,4.0
155,333,4.0
155,2289,4.0
155,4,4.0
155,335,4.0
155,646,4.0
155,373,4.0
155,3438,5.0
155,513,4.0
155,12,4.0
155,610,4.0
155,339,5.0
155,402,4.5
155,3439,5.0
155,3440,4.0
155,570,4.0
155,2670,4.0
155,648,4.0
155,1220,4.0
155,28,4.0
155,434,4.0
155,30,5.0
155,31,4.0
155,463,5.0
155,3441,4.0
155,704,4.0
155,248,4.0
155,450,4.0
155,615,5.0
155,1223,5.0
155,3442,4.0
155,250,5.0
155,253,5.0
155,2747,5.0
155,254,5.0
155,255,5.0
155,256,5.0
155,651,5.0
155,34,4.0
155,514,4.0
155,35,5.0
155,464,4.5
155,259,5.0
155,857,5.0
155,3443,5.0
155,2328,5.0
155,3444,5.0
155,1092,4.0
155,3445,4.0
155,901,4.5
155,47,4.0
155,261,4.0
155,858,4.0
155,262,5.0
155,50,4.0
155,1752,4.0
155,55,5.0
155,2111,4.0
155,265,5.0
155,654,4.0
155,58,4.0
155,655,5.0
155,1163,4.0
155,59,5.0
155,656,4.0
155,60,4.0
155,706,5.0
155,62,4.0
155,1879,5.0
155,268,4.5
155,682,4.0
155,65,4.5
155,66,4.0
155,269,4.5
155,658,5.0
155,684,4.0
155,1054,4.0
155,3446,4.0
155,1580,5.0
155,659,5.0
155,1274,5.0
155,1556,5.0
155,660,4.0
155,69,5.0
155,686,4.0
155,70,5.0
155,663,4.0
155,664,4.0
155,1056,5.0
155,274,4.0
155,2754,4.0
155,2311,4.0
155,665,5.0
155,2755,5.0
155,572,4.0
155,1276,4.0
155,573,4.0
155,2317,5.0
155,84,5.0
155,277,4.0
155,3143,5.0
155,2990,4.0
155,200,4.0
155,713,4.0
155,3447,5.0
155,584,4.0
155,2149,4.0
155,715,4.0
155,1850,4.0
155,3448,5.0
155,469,5.0
155,1720,4.0
155,286,5.0
155,909,4.0
155,3449,5.0
155,2757,5.0
155,289,4.0
155,1722,4.0
155,3450,5.0
155,2654,5.0
155,517,4.0
155,1600,4.0
155,3451,4.0
155,2151,5.0
155,3452,4.0
155,2693,4.0
155,873,4.0
155,129,4.0
155,3453,5.0
155,297,4.0
155,149,5.0
155,1297,4.0
155,1557,5.0
155,3454,4.0
155,3152,4.0
155,3455,4.0
155,155,4.5
155,1726,4.0
155,920,4.0
155,168,5.0
155,1282,4.0
155,966,5.0
155,1730,5.0
155,306,4.0
155,1887,4.0
155,1851,4.0
155,2153,4.0
155,3456,5.0
155,3154,5.0
155,3457,5.0
155,2116,5.0
155,308,4.0
155,885,4.5
155,309,4.0
155,3458,4.0
155,3459,5.0
155,312,4.5
155,3460,4.0
155,314,4.5
155,2639,4.0
155,3461,4.0
155,2118,5.0
155,3462,5.0
155,1284,4.5
155,3463,4.0
155,3464,5.0
155,1766,4.0
155,3465,4.0
155,1742,4.0
155,1889,4.0
155,2764,4.0
155,669,4.0
155,3372,4.0
155,317,4.0
155,933,4.0
155,934,4.5
155,670,4.5
155,2642,4.5
155,1560,5.0
155,671,4.0
155,939,4.5
155,941,4.5
155,199,4.0
155,3466,4.0
155,3467,4.0
155,3468,4.0
155,3469,4.5
155,524,4.5
155,486,4.5
155,1906,4.5
155,1908,4.0
155,953,4.0
155,3470,4.5
155,737,4.0
155,1767,5.0
155,3471,4.0
155,489,4.0
155,2174,5.0
155,3472,4.0
155,1042,4.5
155,2175,4.0
155,3414,4.5
155,1911,4.0
155,3238,5.0
155,3473,4.5
155,3474,4.0
155,3475,4.0
155,3476,4.0
155,1563,4.5
155,3477,4.0
155,1069,5.0
155,3478,4.0
155,3479,4.0
156,22,5.0
156,1479,5.0
156,71,4.0
156,715,4.0
156,1115,4.0
156,298,4.0
156,163,5.0
156,165,4.0
156,1405,4.0
156,1412,5.0
157,1293,4.0
157,3480,4.0
157,1115,5.0
157,154,4.5
157,1406,4.0
157,1171,4.0
157,3481,4.0
157,2059,4.0
157,3482,4.5
157,3483,4.0
158,0,4.5
158,373,4.0
158,402,4.5
158,16,4.0
158,433,4.0
158,434,4.0
158,902,4.0
158,57,4.0
158,70,4.5
158,1352,4.5
158,200,5.0
158,155,4.0
158,471,4.5
158,325,5.0
158,475,4.0
158,477,4.0
158,945,4.0
158,1305,4.0
158,737,4.5
158,531,4.5
158,491,4.0
158,986,4.0
158,537,4.0
158,1140,4.0
158,2048,4.0
158,1554,5.0
158,1656,5.0
158,1079,4.0
158,1790,4.0
158,2381,5.0
158,630,5.0
158,1539,5.0
158,789,4.0
158,2089,4.0
158,678,5.0
158,212,4.0
158,2866,4.5
158,559,5.0
158,567,4.5
158,2527,4.5
158,3484,5.0
159,0,4.0
159,344,4.0
159,354,5.0
159,333,5.0
159,3,5.0
159,4,4.0
159,362,4.0
159,2549,5.0
159,6,4.0
159,646,5.0
159,373,5.0
159,3485,5.0
159,13,5.0
159,610,5.0
159,339,5.0
159,409,5.0
159,413,5.0
159,18,5.0
159,461,4.0
159,22,5.0
159,648,5.0
159,849,5.0
159,571,5.0
159,27,4.0
159,342,5.0
159,29,4.0
159,30,5.0
159,1548,4.0
159,31,4.0
159,3486,4.0
159,1694,4.0
159,704,5.0
159,3487,4.0
159,217,4.0
159,615,5.0
159,855,4.0
159,253,4.0
159,464,5.0
159,3349,5.0
159,899,5.0
159,900,4.0
159,1226,5.0
159,51,5.0
159,1051,4.0
159,1713,4.0
159,1577,5.0
159,56,4.0
159,655,5.0
159,60,5.0
159,61,5.0
159,62,4.0
159,682,5.0
159,65,4.0
159,68,4.0
159,1164,4.0
159,71,5.0
159,2673,5.0
159,274,4.0
159,1352,4.0
159,1549,5.0
159,3140,5.0
159,1194,4.0
159,2562,5.0
159,1228,4.0
159,3326,5.0
159,597,5.0
159,3488,5.0
159,617,5.0
159,1234,4.0
159,3489,5.0
159,3490,5.0
159,1586,5.0
159,1277,4.0
159,1589,5.0
159,96,4.0
159,3491,4.0
159,1884,4.0
159,619,4.0
159,98,4.0
159,99,5.0
159,1367,5.0
159,100,5.0
159,106,4.0
159,869,5.0
159,909,4.0
159,1278,5.0
159,1885,4.0
159,3492,5.0
159,716,5.0
159,3168,4.0
159,127,5.0
159,130,5.0
159,1605,4.0
159,139,4.0
159,144,4.0
159,1503,5.0
159,151,4.0
159,593,4.0
159,299,5.0
159,3493,5.0
159,300,4.0
159,3494,5.0
159,155,5.0
159,158,4.0
159,163,4.5
159,164,4.0
159,165,4.0
159,168,5.0
159,170,4.0
159,720,5.0
159,307,5.0
159,174,4.0
159,308,4.5
159,886,5.0
159,1119,5.0
159,3495,4.0
159,3496,4.0
159,178,4.0
159,314,4.0
159,186,4.0
159,187,5.0
159,3497,4.0
159,3498,4.0
159,668,5.0
159,3499,5.0
159,1959,4.0
159,192,4.0
159,3330,4.0
159,927,5.0
159,2014,5.0
159,3500,5.0
159,972,4.0
159,2324,5.0
159,1299,4.5
159,1627,4.0
159,319,5.0
159,605,4.5
159,320,5.0
159,321,5.0
159,322,5.0
159,3501,5.0
159,325,4.0
159,475,4.0
159,476,4.0
159,3502,5.0
159,3503,5.0
159,3504,4.5
159,939,4.5
159,481,4.5
159,1523,4.0
159,486,5.0
159,3316,5.0
159,2173,5.0
159,492,5.0
160,0,4.0
160,895,4.0
160,388,4.0
160,402,5.0
160,650,5.0
160,251,4.5
160,680,4.0
160,653,5.0
160,657,5.0
160,684,4.0
160,2754,4.5
160,911,5.0
160,1248,4.0
160,1736,5.0
160,1284,4.0
160,927,5.0
160,2658,4.0
160,692,5.0
160,1895,5.0
160,3505,4.5
160,3506,5.0
160,758,5.0
160,1663,4.0
160,2736,4.0
161,349,5.0
161,350,5.0
161,1285,4.0
161,334,5.0
161,4,4.0
161,361,5.0
161,371,5.0
161,373,4.0
161,1445,4.0
161,1200,4.0
161,337,5.0
161,608,4.0
161,1048,5.0
161,394,5.0
161,1748,5.0
161,396,4.0
161,402,5.0
161,16,5.0
161,1338,5.0
161,428,5.0
161,613,4.0
161,429,5.0
161,22,5.0
161,2302,5.0
161,26,4.0
161,27,4.0
161,30,5.0
161,445,4.0
161,446,5.0
162,2691,4.0
162,578,4.0
162,86,4.0
162,200,4.0
162,581,4.0
163,6,5.0
163,21,5.0
163,571,5.0
163,444,5.0
163,679,5.0
163,1712,4.0
163,53,5.0
163,465,5.0
163,56,4.0
163,58,5.0
163,616,5.0
163,681,5.0
163,61,4.0
163,68,5.0
163,75,5.0
163,710,4.0
163,958,5.0
163,112,4.0
163,144,4.0
163,3507,5.0
163,186,5.0
163,187,5.0
163,189,5.0
163,1107,5.0
163,319,4.0
163,3508,5.0
164,6,4.0
164,1691,4.0
164,242,4.0
164,415,4.0
164,21,4.0
164,27,4.0
164,254,4.0
164,54,4.0
164,56,4.0
164,57,5.0
164,58,5.0
164,75,5.0
164,469,4.0
164,688,4.0
164,125,4.0
164,139,4.0
164,1401,4.0
164,319,4.0
164,1420,4.0
164,478,5.0
164,518,4.0
164,1303,4.0
164,731,4.0
164,2023,4.0
164,481,4.0
164,3509,5.0
164,1523,4.0
164,524,4.0
164,484,5.0
164,485,4.0
164,486,4.0
164,1904,4.0
165,0,5.0
165,955,4.5
165,350,4.0
165,354,4.0
165,3,4.0
165,4,5.0
165,13,4.5
165,647,4.5
165,339,4.5
165,402,4.5
165,409,4.0
165,16,4.0
165,22,4.5
165,246,5.0
165,28,4.0
165,30,4.5
165,704,4.0
165,615,4.5
165,35,4.5
165,679,4.0
165,50,4.0
165,53,4.0
165,654,4.0
165,56,4.5
165,57,4.5
165,58,4.5
165,59,4.0
165,61,5.0
165,63,4.0
165,682,4.5
165,269,4.5
165,684,4.0
165,708,4.5
165,659,4.0
165,1110,4.5
165,685,4.0
165,70,4.0
165,664,4.5
165,75,4.5
165,276,4.0
165,79,5.0
165,958,4.0
165,84,4.5
165,1235,5.0
165,200,4.5
165,715,4.0
165,100,4.5
165,112,4.0
165,1594,4.0
165,716,4.5
165,124,5.0
165,125,4.0
165,139,4.0
165,299,4.0
165,155,4.0
165,160,4.0
165,719,4.5
165,163,4.5
165,168,4.5
165,666,5.0
165,471,4.5
165,174,4.0
165,308,4.0
165,886,4.5
165,2118,4.5
165,1284,4.0
165,691,4.0
165,624,4.0
165,605,4.5
165,1301,4.0
165,933,4.5
165,670,5.0
165,475,4.5
165,1634,4.0
165,1124,4.0
165,477,4.0
165,478,4.5
165,671,5.0
165,2020,4.0
165,730,4.5
165,731,4.5
165,481,4.0
165,732,4.0
165,482,4.5
165,1074,4.5
165,1901,5.0
165,484,4.5
165,485,4.0
165,487,4.5
165,737,4.5
165,1171,4.5
165,1042,5.0
165,201,4.5
165,531,4.5
165,1259,4.5
165,1854,4.5
165,491,4.5
165,492,5.0
165,744,5.0
165,1991,4.0
165,1043,4.5
165,986,4.0
165,496,5.0
165,747,5.0
165,1647,5.0
165,497,5.0
165,748,4.0
165,501,4.5
165,2800,5.0
165,1141,4.0
165,1659,4.0
165,1777,5.0
165,1310,5.0
165,626,4.0
165,540,5.0
165,1311,4.0
165,1076,4.0
165,756,4.5
165,2189,4.0
165,760,4.5
165,505,4.5
165,2050,5.0
165,1313,4.0
165,1077,4.5
165,3510,4.0
165,2052,4.5
165,203,5.0
165,1175,4.5
165,508,5.0
165,1149,4.0
165,1528,4.5
165,1078,4.0
165,2233,4.5
165,1655,4.5
165,1316,4.0
165,769,5.0
165,1674,4.5
166,368,4.0
166,373,4.0
166,701,4.0
166,513,5.0
166,13,4.0
166,402,5.0
166,409,5.0
166,1269,4.0
166,851,4.0
166,650,5.0
166,704,4.5
166,48,4.5
166,55,4.0
166,653,5.0
166,56,4.5
166,57,4.5
166,58,4.0
166,61,4.0
166,1273,5.0
166,64,4.5
166,73,4.0
166,75,4.5
166,864,5.0
166,598,4.0
166,87,4.0
166,1586,4.5
166,95,4.5
166,907,4.5
166,870,4.0
166,1498,4.5
166,3511,4.0
166,136,5.0
166,300,4.0
166,171,5.0
166,2697,4.0
166,721,4.5
166,888,4.5
166,922,4.0
166,1411,4.0
166,927,5.0
166,196,5.0
166,605,5.0
166,931,4.0
166,475,4.5
166,2597,4.0
166,477,4.5
166,329,4.5
166,478,4.5
166,479,5.0
166,942,4.5
166,3512,4.0
166,518,4.0
166,730,4.0
166,731,4.5
166,2601,4.5
166,483,4.5
166,484,4.5
166,2603,5.0
166,487,4.5
166,489,4.5
166,1258,4.0
166,742,4.5
166,492,4.5
166,1133,5.0
166,986,4.0
166,987,4.5
166,1919,4.0
166,496,4.0
166,1648,4.5
166,501,4.5
166,540,5.0
166,1143,5.0
166,758,5.0
166,994,4.5
166,1779,4.0
166,760,4.5
167,646,4.5
167,237,4.5
167,339,4.5
167,239,4.0
167,16,4.0
167,29,4.5
167,30,5.0
167,650,4.5
167,463,5.0
167,1347,4.0
167,615,5.0
167,855,4.5
167,254,5.0
167,256,4.5
167,651,4.5
167,35,5.0
167,1162,4.5
167,263,5.0
167,50,5.0
167,653,4.5
167,2111,5.0
167,654,4.5
167,681,5.0
167,267,5.0
167,656,5.0
167,60,5.0
167,705,4.5
167,706,5.0
167,62,5.0
167,268,4.0
167,682,5.0
167,65,4.5
167,269,4.5
167,1053,4.5
167,1580,4.5
167,659,5.0
167,1274,5.0
167,660,5.0
167,1096,4.5
167,686,5.0
167,859,4.5
167,664,4.5
167,1190,4.0
167,1583,4.5
167,84,4.5
167,713,4.5
167,93,4.5
167,3361,5.0
167,469,4.5
167,286,4.5
167,914,4.5
167,155,5.0
167,1391,4.5
167,168,4.5
167,1730,5.0
167,2116,5.0
167,1735,4.5
167,1283,4.5
167,1170,4.5
167,722,4.0
167,2119,4.5
167,691,5.0
167,1559,4.5
167,3513,4.0
167,3514,5.0
167,1899,5.0
167,693,4.5
167,3515,4.0
167,1172,4.5
167,2029,5.0
167,3516,4.5
167,3517,4.5
167,3477,4.5
167,1069,5.0
167,499,5.0
167,3518,5.0
167,3519,4.5
167,1141,4.0
167,3520,5.0
167,762,5.0
167,1664,4.5
167,1044,4.5
167,775,4.0
167,206,5.0
167,1321,4.5
167,799,4.5
167,2412,4.5
168,0,4.5
168,344,4.0
168,1,5.0
168,345,5.0
168,346,4.5
168,347,4.0
168,333,4.0
168,359,4.0
168,361,5.0
168,3172,4.0
168,368,5.0
168,373,4.5
168,509,4.0
168,11,4.5
168,394,4.5
168,401,5.0
168,402,5.0
168,14,4.5
168,405,4.0
168,16,4.5
168,413,4.5
168,415,4.5
168,420,4.0
168,20,4.0
168,21,4.0
168,427,5.0
168,2301,5.0
168,22,5.0
168,614,4.5
168,1771,5.0
168,246,5.0
168,342,4.5
168,343,5.0
168,434,4.0
168,438,4.5
168,31,4.0
168,1573,4.0
168,443,4.0
168,445,4.0
168,1346,4.5
168,451,4.5
168,251,5.0
168,257,5.0
168,3521,4.0
168,34,5.0
168,2671,5.0
168,1162,5.0
168,899,4.0
168,900,5.0
168,901,5.0
168,45,4.5
168,48,5.0
168,1095,4.0
168,902,4.5
168,53,4.0
168,55,5.0
168,57,4.0
168,64,4.0
168,709,5.0
168,70,4.0
168,71,4.0
168,74,4.0
168,274,4.0
168,1190,4.5
168,1352,4.0
168,903,4.5
168,1206,5.0
168,1485,4.0
168,2563,4.0
168,3522,4.0
168,80,4.0
168,1488,4.5
168,1363,4.0
168,1235,5.0
168,580,5.0
168,88,4.0
168,3433,4.0
168,584,4.0
168,284,5.0
168,715,4.5
168,2115,4.5
168,619,4.5
168,98,4.5
168,3523,4.0
168,100,5.0
168,105,4.5
168,869,4.0
168,3524,4.5
168,909,4.5
168,1600,4.5
168,913,4.5
168,1500,5.0
168,136,5.0
168,1102,4.5
168,139,4.5
168,591,4.5
168,143,4.0
168,298,5.0
168,963,5.0
168,1503,4.0
168,2722,4.5
168,299,4.0
168,300,4.5
168,3169,5.0
168,1386,4.5
168,918,5.0
168,3525,5.0
168,169,4.0
168,471,4.5
168,174,4.5
168,921,4.0
168,308,5.0
168,3526,4.5
168,3527,4.5
168,1406,4.5
168,314,4.5
168,889,4.0
168,182,4.0
168,1509,4.5
168,1510,5.0
168,1411,4.5
168,3528,5.0
168,928,4.0
168,2015,4.0
168,197,4.0
168,1036,4.5
168,473,5.0
168,1299,5.0
168,318,5.0
168,2769,5.0
168,474,4.5
168,1301,4.5
168,2017,4.0
168,935,4.5
168,3529,4.5
168,2018,4.0
168,3530,4.0
168,325,4.0
168,475,5.0
168,1514,5.0
168,937,4.5
168,3531,4.5
168,3532,4.5
168,978,4.5
168,3533,4.0
168,3534,4.0
168,3535,4.0
168,3385,5.0
168,2110,4.0
168,477,5.0
168,2019,4.0
168,329,4.5
168,3536,5.0
168,3537,4.5
168,478,4.5
168,2281,4.0
168,1636,4.0
168,479,4.5
168,3538,4.5
168,480,4.5
168,942,4.5
168,944,4.0
168,1520,4.0
168,518,4.0
168,3539,4.0
168,3389,4.5
168,945,4.5
168,730,4.0
168,1303,4.5
168,947,4.5
168,3540,4.0
168,3541,4.0
168,2023,4.5
168,481,4.0
168,732,4.5
168,3542,4.0
168,521,4.5
168,1523,4.0
168,595,4.0
168,950,4.5
168,483,4.5
168,3543,4.5
168,3544,4.0
168,3545,4.0
168,3004,4.0
168,484,4.5
168,1977,4.0
168,485,5.0
168,486,5.0
168,735,4.5
168,2025,4.5
168,1904,4.5
168,1906,4.0
168,3546,4.0
168,1909,5.0
168,3547,4.0
168,954,5.0
168,488,4.0
168,1305,4.5
168,737,5.0
168,489,4.5
168,2701,5.0
168,3548,4.5
168,3549,4.5
168,1042,4.5
168,3550,4.0
168,1982,5.0
168,2028,5.0
168,3551,4.5
168,3552,5.0
168,491,4.5
168,742,4.0
168,492,5.0
168,2782,4.0
168,3553,5.0
168,535,4.0
168,2342,5.0
168,3554,5.0
168,3555,5.0
168,986,5.0
168,988,4.0
168,1772,5.0
168,3556,4.5
169,333,5.0
169,895,4.0
169,6,4.0
169,1270,4.0
169,376,4.0
169,1448,4.0
169,608,4.0
169,609,4.0
169,402,5.0
169,405,4.0
169,16,4.0
169,415,4.0
169,427,4.0
169,614,4.0
169,25,4.0
169,433,4.0
169,26,4.0
169,28,4.0
169,434,4.0
170,0,5.0
170,607,5.0
170,1047,5.0
170,354,5.0
170,334,4.0
170,3,5.0
170,3557,5.0
170,646,5.0
170,370,5.0
170,9,5.0
170,234,5.0
170,12,4.0
170,13,4.0
170,338,5.0
170,339,5.0
170,401,4.0
170,402,5.0
170,416,5.0
170,1216,5.0
170,243,4.0
170,2565,5.0
170,427,4.0
170,648,5.0
170,849,4.0
170,703,5.0
170,27,5.0
170,28,5.0
170,29,5.0
170,30,5.0
170,31,5.0
170,3558,5.0
170,2746,5.0
170,851,5.0
170,3321,4.0
170,1204,5.0
170,444,4.0
170,1188,4.0
170,248,5.0
170,2121,5.0
170,446,4.0
170,1467,4.0
170,615,5.0
170,1706,5.0
170,3442,4.0
170,855,5.0
170,34,4.0
170,1224,5.0
170,41,4.0
170,3559,5.0
170,48,5.0
170,858,5.0
170,49,5.0
170,50,5.0
170,1205,5.0
170,55,5.0
170,653,5.0
170,1753,5.0
170,654,5.0
170,56,4.0
170,57,4.0
170,58,5.0
170,681,5.0
170,60,5.0
170,61,5.0
170,63,5.0
170,64,5.0
170,269,4.0
170,709,5.0
170,271,5.0
170,71,5.0
170,664,5.0
170,75,5.0
170,1583,4.0
170,3208,5.0
170,1194,5.0
170,3560,5.0
170,199,4.0
171,394,4.5
171,22,4.5
171,28,4.0
171,1697,4.5
171,61,4.5
171,71,4.0
171,2572,4.0
171,97,4.0
171,588,4.0
171,299,4.5
171,1725,4.0
171,2697,5.0
171,187,4.0
171,1043,4.0
172,350,4.0
172,370,4.0
172,373,4.0
172,1705,5.0
172,403,4.0
172,16,5.0
172,512,5.0
172,21,4.0
172,427,4.0
172,22,5.0
173,347,5.0
173,333,4.0
173,585,4.0
173,373,5.0
173,509,5.0
173,384,5.0
173,511,5.0
173,609,5.0
173,396,4.0
173,400,5.0
173,14,4.0
173,404,4.0
173,1268,5.0
173,15,4.0
173,407,4.0
173,242,4.0
173,420,4.0
173,422,5.0
173,20,5.0
173,340,4.0
173,21,5.0
173,1463,5.0
173,614,5.0
173,25,5.0
173,433,5.0
173,246,4.0
173,571,4.0
173,26,4.0
173,27,5.0
173,434,4.0
173,462,5.0
173,443,5.0
174,517,4.0
174,3528,5.0
174,2015,5.0
174,1626,4.5
174,534,5.0
174,3561,4.5
174,3562,5.0
174,3563,5.0
174,3564,5.0
174,3565,5.0
174,3566,4.0
174,3567,5.0
174,2068,4.0
174,3568,4.0
175,955,5.0
175,3,5.0
175,6,5.0
175,373,4.0
175,1270,4.0
175,460,4.0
175,376,5.0
175,11,4.0
175,400,4.0
175,402,5.0
175,403,5.0
175,15,4.0
175,242,4.0
175,415,4.0
175,416,5.0
175,612,4.0
175,419,4.0
175,422,4.0
175,20,5.0
175,2719,5.0
175,25,5.0
175,571,5.0
175,26,4.0
175,28,5.0
175,32,5.0
175,444,4.0
176,0,5.0
176,585,4.0
176,3,4.5
176,4,4.0
176,373,4.0
176,3438,4.0
176,511,4.0
176,390,4.0
176,339,5.0
176,401,4.5
176,402,5.0
176,405,4.0
176,1268,4.0
176,16,5.0
176,17,4.0
176,413,4.0
176,427,5.0
176,1463,4.0
176,22,4.5
176,849,4.0
176,246,4.0
176,28,5.0
176,342,4.0
176,343,5.0
176,434,4.5
176,30,4.0
176,436,4.0
176,462,4.0
176,443,4.0
176,463,4.0
176,854,5.0
176,615,5.0
176,250,5.0
176,251,5.0
176,252,5.0
176,855,4.0
176,253,5.0
176,2747,4.0
176,1750,4.0
176,2748,5.0
176,255,5.0
176,1091,4.0
176,256,5.0
176,257,4.0
176,1708,5.0
176,1696,5.0
176,3521,4.0
176,34,5.0
176,514,5.0
176,2143,5.0
176,1751,5.0
176,2001,5.0
176,3569,4.0
176,2305,5.0
176,1162,4.5
176,38,4.0
176,1711,5.0
176,3570,5.0
176,899,5.0
176,41,4.0
176,900,4.0
176,42,4.0
176,679,4.0
176,458,4.0
176,48,5.0
176,50,4.0
176,1878,4.5
176,1205,5.0
176,55,4.5
176,653,4.0
176,654,4.0
176,57,5.0
176,267,4.5
176,656,5.0
176,62,4.0
176,268,5.0
176,682,4.0
176,657,4.0
176,1164,4.0
176,1580,4.0
176,659,5.0
176,660,4.0
176,69,4.5
176,685,4.0
176,70,4.0
176,71,5.0
176,2310,4.0
176,74,4.0
176,273,4.0
176,2570,4.0
176,3571,4.0
176,1485,4.0
176,2562,5.0
176,1715,4.5
176,865,4.0
176,200,5.0
176,580,5.0
176,1236,5.0
176,714,4.0
176,3572,4.0
176,3573,4.0
176,3574,4.0
176,3575,4.0
176,1167,5.0
176,1168,5.0
176,3145,5.0
176,715,5.0
176,2115,4.5
176,1277,4.0
176,619,4.0
176,906,4.0
176,908,5.0
176,909,4.0
176,107,4.0
176,109,4.0
176,2006,5.0
176,3147,4.0
176,1034,4.0
176,119,4.0
176,3576,4.0
176,1597,4.0
176,517,4.0
176,1944,4.0
176,3577,4.5
176,873,5.0
176,590,4.5
176,151,4.0
176,917,4.0
176,153,5.0
176,918,5.0
176,155,4.0
176,879,4.0
176,163,4.0
176,165,4.5
176,966,5.0
176,170,4.0
176,171,4.0
176,1851,4.0
176,1394,4.0
176,721,4.0
176,314,4.0
176,2639,4.0
176,1106,5.0
176,185,5.0
176,621,4.0
176,1509,4.0
176,1121,4.0
176,1889,4.0
176,928,4.0
176,196,4.5
176,3578,4.0
176,1532,4.0
176,1299,4.0
176,1626,5.0
176,931,5.0
176,2018,4.0
176,1513,4.0
176,475,4.0
176,1514,4.0
176,3579,4.0
176,529,4.0
176,938,4.0
176,477,5.0
176,329,5.0
176,3580,4.5
176,478,4.0
176,1636,4.0
176,480,4.0
176,3406,4.5
176,3581,4.5
176,2023,4.0
176,481,5.0
176,1523,4.0
176,595,4.0
176,483,5.0
176,3545,4.0
176,1977,4.0
176,673,4.0
176,485,4.5
176,486,4.0
176,2025,4.5
176,737,4.0
176,1254,4.5
176,3582,4.0
176,3583,4.0
176,489,5.0
176,2275,4.0
176,1641,4.5
176,1042,4.0
176,3584,4.0
176,741,4.0
176,2280,4.0
176,531,5.0
176,3585,4.0
176,3586,5.0
176,1307,4.0
176,1308,4.0
176,744,4.0
176,3587,4.0
176,3588,4.0
176,1260,5.0
176,986,4.0
176,1646,4.5
176,3589,4.0
176,747,4.0
176,3590,4.0
176,3591,4.0
176,3556,4.0
176,497,4.0
176,501,4.0
176,2036,4.0
176,990,4.0
176,3592,4.0
176,3593,5.0
176,675,4.0
176,1140,5.0
176,1141,4.0
176,1310,4.0
176,540,4.0
176,3594,4.0
176,596,4.0
176,541,5.0
176,1312,4.0
176,504,4.0
176,3595,4.0
176,760,5.0
176,2124,5.0
176,1146,4.0
176,761,5.0
176,505,4.0
176,3596,4.0
176,1313,4.5
176,1781,4.0
176,3597,4.0
176,2192,4.0
176,676,4.0
176,203,4.0
176,628,4.5
176,3598,4.0
176,1149,4.0
176,2056,4.0
176,1315,4.0
176,998,4.5
176,2060,4.0
176,1655,5.0
176,769,4.0
176,773,4.0
176,3599,4.0
176,2662,4.0
176,3600,4.0
176,1656,4.5
176,1537,4.0
176,2663,4.0
176,3601,4.5
176,3602,5.0
176,3603,4.0
176,3604,4.0
176,204,5.0
176,1786,4.0
176,2130,4.0
176,778,4.0
176,1657,4.0
176,3605,4.0
176,3606,5.0
176,2831,4.0
176,3607,4.0
176,1160,4.5
176,2286,4.0
176,2381,4.0
176,3608,4.0
176,1320,4.0
176,781,4.0
176,3609,4.0
176,2384,4.0
176,545,4.0
176,1680,4.0
176,1681,5.0
176,1003,5.0
176,2083,4.0
176,2084,4.5
176,1682,5.0
176,3610,4.0
176,1539,4.0
176,3611,4.0
176,3612,4.5
176,3613,4.0
176,790,4.5
176,3614,4.0
176,207,5.0
176,1683,5.0
176,3615,5.0
176,678,5.0
176,548,4.0
176,208,5.0
176,3616,4.0
176,796,5.0
176,699,4.0
176,2091,5.0
176,2093,4.5
176,1798,5.0
176,549,5.0
176,1684,5.0
176,1540,4.0
176,700,4.0
176,1801,4.0
176,3617,4.5
176,2137,4.0
176,1082,4.0
176,801,4.0
176,1008,5.0
176,802,4.0
176,550,4.0
176,3618,4.0
176,2101,4.0
176,2246,4.0
176,1804,4.0
176,803,4.0
176,1868,5.0
176,2712,4.0
176,805,4.5
176,551,4.0
176,806,4.0
176,2422,4.0
176,3619,5.0
176,554,4.0
176,1181,4.0
176,3058,5.0
176,2866,5.0
176,3220,4.0
176,1183,4.0
176,1326,4.5
176,634,4.5
176,3620,4.5
176,3271,4.0
176,1014,5.0
176,637,5.0
176,2716,4.0
176,1544,5.0
176,817,4.0
176,560,5.0
176,1018,4.0
176,3621,4.0
176,3622,4.0
176,639,4.0
176,1329,5.0
176,1689,4.5
176,640,4.0
176,823,5.0
176,1819,4.5
176,1022,5.0
176,826,4.0
176,1185,5.0
177,0,4.0
177,955,4.0
177,607,4.5
177,3,4.5
177,4,4.5
177,6,4.0
177,1270,4.5
177,1448,4.0
177,339,4.5
177,402,5.0
177,15,4.0
177,16,4.5
177,512,5.0
177,416,4.0
177,422,4.5
177,20,5.0
177,22,4.5
177,571,4.0
177,26,4.5
177,28,4.5
177,30,4.5
177,654,5.0
177,58,4.0
177,62,4.0
177,68,4.5
177,70,4.5
177,71,4.5
177,3173,4.5
177,281,4.5
177,100,5.0
177,1498,4.5
177,124,5.0
177,139,4.5
177,1059,4.0
177,3623,4.0
177,155,5.0
177,163,4.5
177,319,4.0
177,1415,4.0
177,670,4.5
177,1063,4.0
177,1516,4.0
177,331,5.0
177,671,5.0
177,479,4.0
177,1897,5.0
177,484,4.0
177,735,4.5
177,693,5.0
177,3624,4.0
177,1171,4.5
177,492,4.5
177,744,4.5
177,1648,4.0
177,501,4.0
177,1141,4.5
177,3625,4.5
177,759,5.0
177,760,4.5
177,1146,5.0
178,0,4.0
178,1,4.0
178,1469,4.0
178,354,4.0
178,333,5.0
178,3,4.0
178,2290,4.0
178,368,4.0
178,6,5.0
178,369,4.0
178,370,4.0
178,373,4.0
178,1270,5.0
178,460,4.0
178,509,4.0
178,382,5.0
178,511,4.0
178,610,4.0
178,396,4.0
178,339,4.0
178,401,5.0
178,402,5.0
178,15,4.0
178,16,5.0
178,413,4.0
178,415,5.0
178,416,4.0
178,419,4.0
178,422,4.0
178,20,4.0
178,21,4.0
178,1470,4.0
178,427,4.0
178,571,5.0
178,26,4.0
178,28,4.0
178,30,4.0
178,1269,4.0
178,247,4.0
178,443,5.0
178,444,5.0
178,1704,4.0
178,457,4.0
179,13,4.5
179,55,4.0
179,56,4.0
179,57,4.0
179,58,4.0
179,62,4.5
179,662,4.0
179,593,4.0
179,152,4.0
179,163,4.5
179,1411,4.0
179,479,4.5
180,347,5.0
180,333,5.0
180,360,4.0
180,361,4.0
180,1443,4.0
180,363,4.0
180,1270,4.0
180,509,4.0
180,382,4.0
180,384,4.0
180,389,4.0
180,394,4.0
180,405,4.0
180,15,4.0
180,407,4.0
180,16,5.0
180,1294,4.0
180,422,5.0
180,20,4.0
180,340,4.0
180,21,5.0
180,3626,4.0
180,614,4.0
180,433,5.0
180,246,4.0
180,343,4.0
180,434,4.0
181,0,4.0
181,2,4.5
181,2288,4.0
181,349,5.0
181,350,4.0
181,1469,5.0
181,607,4.5
181,353,4.0
181,1047,4.0
181,354,4.0
181,334,4.5
181,355,4.5
181,3,4.0
181,4,4.5
181,1476,4.5
181,1212,4.0
181,3627,4.5
181,646,4.5
181,370,4.0
181,234,4.5
181,1198,4.5
181,3485,4.0
181,235,4.0
181,513,4.5
181,12,4.5
181,336,4.5
181,1691,4.0
181,610,4.5
181,647,4.5
181,339,5.0
181,1292,4.5
181,1213,4.5
181,402,4.5
181,238,4.5
181,404,4.0
181,240,4.5
181,241,4.0
181,409,4.0
181,16,5.0
181,3628,4.0
181,2300,5.0
181,702,4.5
181,19,4.0
181,2719,4.5
181,243,4.5
181,3629,4.0
181,1202,4.5
181,3630,4.5
181,22,4.0
181,648,4.0
181,26,4.5
181,28,4.5
181,3631,4.0
181,30,5.0
181,462,4.0
181,2746,4.5
181,851,4.5
181,1050,5.0
181,650,4.5
181,463,5.0
181,3632,4.0
181,704,4.5
181,615,4.5
181,1223,4.0
181,251,5.0
181,252,5.0
181,855,4.5
181,253,4.0
181,254,4.0
181,256,5.0
181,34,4.0
181,464,5.0
181,3570,4.0
181,679,4.0
181,1482,4.0
181,457,4.0
181,48,4.0
181,50,5.0
181,51,5.0
181,515,4.0
181,1205,4.5
181,55,4.0
181,653,4.5
181,2111,5.0
181,3633,4.0
181,1713,4.0
181,1577,4.0
181,654,4.0
181,655,5.0
181,616,4.5
181,1163,4.0
181,59,5.0
181,656,4.5
181,60,5.0
181,62,5.0
181,63,4.5
181,1273,4.5
181,1937,4.5
181,682,4.5
181,65,5.0
181,66,5.0
181,269,4.5
181,707,5.0
181,683,4.5
181,1053,4.5
181,1054,5.0
181,1164,4.5
181,1579,5.0
181,708,4.5
181,709,4.5
181,1556,5.0
181,660,4.0
181,2112,4.0
181,685,4.5
181,1096,4.5
181,686,4.5
181,70,4.5
181,663,4.0
181,2310,4.0
181,3634,4.0
181,1055,5.0
181,3008,5.0
181,2753,4.5
181,2312,5.0
181,1582,4.0
181,1190,4.0
181,1549,4.0
181,1880,4.0
181,587,4.0
181,572,4.0
181,3635,4.0
181,2626,4.0
181,1194,4.0
181,1276,4.0
181,2562,5.0
181,3426,4.0
181,3636,4.0
181,275,4.0
181,1057,4.5
181,276,4.5
181,1754,4.0
181,864,4.5
181,1230,4.5
181,597,4.0
181,576,4.0
181,467,4.0
181,3637,4.0
181,86,4.5
181,2147,4.5
181,277,4.0
181,1362,4.5
181,1233,4.5
181,1490,4.5
181,3638,4.0
181,1550,4.0
181,3639,4.0
181,200,4.0
181,713,4.0
181,2319,4.0
181,87,4.5
181,1586,4.5
181,3327,4.0
181,581,4.5
181,3640,4.0
181,91,4.0
181,1492,4.5
181,281,4.0
181,2325,4.0
181,1883,4.0
181,3641,4.0
181,1111,4.5
181,3642,4.0
181,1032,4.0
181,2149,4.0
181,715,4.0
181,3643,4.5
181,285,5.0
181,1719,4.0
181,2150,5.0
181,1112,4.5
181,3644,5.0
181,105,4.5
181,1720,4.0
181,286,4.5
181,111,4.0
181,1495,4.5
181,112,4.0
181,2576,4.0
181,1594,4.0
181,688,4.5
181,2221,4.5
181,1597,4.0
181,2655,4.0
181,3645,4.0
181,1372,4.0
181,1373,4.0
181,2206,4.5
181,3646,4.5
181,1600,4.5
181,124,4.5
181,3647,4.5
181,127,4.0
181,1280,4.5
181,873,4.5
181,130,5.0
181,1247,4.0
181,295,4.0
181,3648,4.0
181,2678,4.0
181,136,4.5
181,137,4.5
181,962,4.5
181,138,4.0
181,3649,4.5
181,3650,4.5
181,139,5.0
181,590,4.0
181,140,4.0
181,2688,4.5
181,3651,4.5
181,3652,4.0
181,298,4.0
181,1060,4.0
181,3653,4.5
181,149,4.0
181,3654,4.0
181,1503,4.5
181,1297,4.5
181,877,4.5
181,3655,4.0
181,3656,5.0
181,299,4.0
181,878,4.0
181,3657,4.5
181,1505,4.0
181,301,5.0
181,919,4.0
181,155,5.0
181,3658,4.0
181,879,4.5
181,160,4.0
181,161,4.0
181,162,4.0
181,2637,4.0
181,163,5.0
181,1949,4.0
181,881,4.0
181,3659,4.5
181,3660,4.0
181,964,4.0
181,166,4.0
181,167,4.0
181,168,5.0
181,666,5.0
181,3661,4.5
181,169,4.0
181,1103,4.5
181,305,4.5
181,1732,5.0
181,172,4.5
181,173,4.0
181,884,4.5
181,3662,4.0
181,720,4.0
181,1734,4.5
181,667,4.5
181,471,4.0
181,3663,4.5
181,174,4.0
181,1616,4.5
181,3664,4.0
181,3665,4.0
181,308,5.0
181,2689,4.0
181,885,4.0
181,3666,4.0
181,1507,4.5
181,1953,4.0
181,1399,4.0
181,176,4.0
181,1956,4.5
181,1118,4.0
181,721,4.5
181,1298,4.0
181,1406,4.0
181,312,4.0
181,3667,4.0
181,1119,5.0
181,3495,4.0
181,1283,4.0
181,2762,4.0
181,2639,4.0
181,1736,4.5
181,182,4.5
181,183,4.0
181,722,4.5
181,3668,4.0
181,2326,4.0
181,1284,4.5
181,3464,4.0
181,3669,4.5
181,1121,4.5
181,1889,4.5
181,2764,4.5
181,970,4.0
181,189,4.0
181,668,4.5
181,1959,4.0
181,193,4.0
181,2156,4.0
181,194,4.0
181,2767,4.0
181,3670,4.0
181,927,4.5
181,3671,4.0
181,1122,4.5
181,3331,4.0
181,1108,4.0
181,3500,4.0
181,3672,4.0
181,317,4.0
181,2324,5.0
181,1036,4.0
181,3673,4.0
181,3674,5.0
181,624,4.0
181,3675,4.5
181,318,4.5
181,1300,4.0
181,1626,4.0
181,1250,4.0
181,973,4.0
181,3676,4.5
181,319,4.5
181,724,4.0
181,1416,4.0
181,605,4.5
181,930,5.0
181,1037,5.0
181,933,4.5
181,934,4.5
181,3677,4.0
181,3678,4.0
181,3375,4.5
181,3529,4.0
181,3679,4.0
181,3680,4.0
181,3681,4.5
181,3682,4.0
181,3683,4.0
181,3378,4.0
181,670,4.5
181,1063,5.0
181,324,4.0
181,725,4.0
181,1422,4.0
181,2332,4.0
181,475,4.0
181,3684,4.5
181,1514,4.0
181,1426,5.0
181,3685,4.0
181,3686,4.0
181,3687,5.0
181,3688,4.5
181,3689,4.0
181,2108,4.0
181,976,4.0
181,1436,4.5
181,3690,4.5
181,3209,4.0
181,3691,4.5
181,3692,4.0
181,625,4.5
181,3235,4.5
181,3693,4.0
181,3694,4.5
181,1039,5.0
181,3695,4.0
181,2699,4.5
181,2109,4.5
181,1124,4.5
181,2700,4.5
181,477,4.5
181,3696,4.5
181,329,4.0
181,3697,4.0
181,2643,4.0
181,478,4.0
181,671,4.5
181,3698,4.5
181,939,4.0
181,480,4.0
181,942,4.0
181,943,4.5
181,3699,4.0
181,1896,4.0
181,3700,4.0
181,3701,4.0
181,3702,4.5
181,3387,4.0
181,3018,4.0
181,3703,4.5
181,3704,4.5
181,3705,4.0
181,3706,5.0
181,3707,4.0
181,3708,4.0
181,3709,4.5
181,732,4.0
181,3710,4.5
181,980,4.0
181,3466,4.0
181,482,4.5
181,2164,4.0
181,3711,4.0
181,3712,4.0
181,1041,4.0
181,1074,4.0
181,1901,4.5
181,3713,4.5
181,1075,4.5
181,1902,4.0
181,3714,4.5
181,3543,4.0
181,3003,4.0
181,524,4.5
181,1552,4.0
181,1903,4.0
181,525,4.0
181,486,4.0
181,3316,4.5
181,735,4.5
181,527,4.0
181,693,4.0
181,3715,4.0
181,3716,4.0
181,2777,4.5
181,3717,5.0
181,3718,4.5
181,3719,4.0
181,2171,4.5
181,3720,4.5
181,3721,4.0
181,738,4.5
181,3722,4.0
181,2172,4.5
181,3723,4.0
181,3724,4.0
181,3725,4.0
181,3726,4.0
181,3727,4.5
181,3728,4.0
181,1042,4.5
181,3729,4.5
181,490,4.0
181,201,4.0
181,3730,4.0
181,3731,4.5
181,3237,4.0
181,3732,4.5
181,3733,4.0
181,2780,4.5
181,3734,4.0
181,1989,4.0
181,3399,4.0
181,1259,4.5
181,1066,4.5
181,742,4.0
181,743,4.0
181,3735,4.0
181,3239,4.5
181,3736,4.0
181,3737,4.0
181,744,4.5
181,2784,4.5
181,1043,4.5
181,2612,4.0
181,3517,4.0
181,3738,4.0
181,1070,4.0
181,2617,4.5
181,1647,4.5
181,499,4.5
181,3319,4.5
181,1141,4.0
181,1777,4.5
181,760,4.0
182,6,5.0
182,415,5.0
182,416,4.0
182,20,5.0
182,340,4.0
182,21,4.0
182,571,5.0
182,32,4.0
182,679,4.0
182,56,4.0
182,616,5.0
182,681,4.0
182,61,4.0
182,63,4.0
182,64,4.0
182,65,4.0
182,1053,4.0
182,1164,4.0
182,1097,5.0
182,1583,4.0
182,1483,5.0
182,1275,5.0
182,573,4.0
182,958,4.0
182,467,5.0
182,100,5.0
182,105,4.0
182,688,5.0
182,137,4.0
182,3739,4.0
182,160,4.0
182,167,4.0
182,173,4.0
182,1614,5.0
182,3526,4.0
182,186,4.0
182,1107,4.0
182,928,4.0
182,1420,4.0
183,1059,4.0
183,670,5.0
183,735,4.5
183,2603,4.0
183,1569,4.5
183,540,4.0
183,628,5.0
183,2825,4.0
183,204,5.0
183,777,4.0
183,3740,5.0
183,208,4.5
183,699,4.5
183,549,4.5
183,632,4.5
183,802,4.0
183,803,4.5
183,551,4.0
183,1010,4.0
183,2866,4.5
183,2258,4.0
183,1017,4.0
183,213,5.0
183,2880,4.5
183,1184,5.0
183,819,4.5
183,638,5.0
183,3741,4.0
183,1816,4.5
183,2892,4.5
183,214,5.0
183,823,4.5
183,1821,4.5
183,826,4.0
183,3196,4.5
183,828,5.0
183,829,4.0
183,3742,4.0
183,1084,5.0
183,1085,4.5
183,830,4.5
183,1555,4.5
183,1025,4.5
183,1828,4.0
183,3079,4.0
183,3743,4.5
183,3744,5.0
183,834,4.5
183,836,5.0
183,3745,4.0
183,3746,4.0
183,2950,5.0
183,3747,4.0
183,2955,4.5
183,1029,5.0
183,3748,4.5
183,3749,4.0
183,3750,5.0
183,3751,4.0
183,3752,4.5
183,1838,4.5
183,3753,4.0
183,2963,5.0
183,1839,4.5
183,3754,5.0
183,3755,4.5
183,3756,4.0
183,3757,4.0
183,1086,4.5
183,3758,4.5
183,3759,5.0
183,3760,4.5
183,3761,4.5
183,3762,4.5
183,3763,4.0
183,3764,4.5
183,3765,4.0
183,3766,4.0
183,3767,4.0
184,0,4.0
184,513,4.0
184,413,4.0
184,246,4.0
184,343,4.0
184,251,5.0
184,1206,4.0
184,866,5.0
184,3768,4.0
184,106,4.0
184,869,4.0
184,908,4.0
184,873,4.0
184,1102,4.0
184,149,4.0
184,1284,4.0
184,317,4.0
184,624,5.0
184,931,4.0
184,322,5.0
184,670,5.0
184,1514,4.0
184,1124,4.0
184,480,5.0
184,731,4.0
184,484,4.0
185,0,4.0
185,344,4.0
185,955,4.0
185,509,4.0
185,3165,4.0
185,13,4.0
185,400,4.0
185,401,5.0
185,403,4.0
185,413,4.0
185,415,4.0
185,3769,4.0
185,416,4.0
185,1342,4.0
185,21,4.0
185,427,4.0
185,3770,4.0
185,648,4.0
185,246,5.0
185,571,5.0
185,27,4.0
185,28,5.0
185,342,4.0
185,343,5.0
185,462,4.0
185,32,4.0
185,1694,4.0
185,463,4.0
185,444,4.0
185,1346,4.0
185,250,4.0
185,251,4.0
185,252,5.0
185,2747,5.0
185,254,4.0
185,257,4.0
185,1708,4.0
185,1696,5.0
185,34,5.0
185,464,5.0
185,3771,4.0
185,3772,4.0
185,1162,5.0
185,3773,5.0
185,1092,5.0
185,3323,4.0
185,3349,4.0
185,900,5.0
185,43,4.0
185,901,5.0
185,48,5.0
185,54,4.0
185,55,5.0
185,653,4.0
185,654,4.0
185,56,5.0
185,57,4.0
185,58,5.0
185,616,5.0
185,1163,4.0
185,61,5.0
185,63,4.0
185,68,4.0
185,2112,5.0
185,1714,4.0
185,271,4.0
185,70,5.0
185,859,4.0
185,1097,5.0
185,75,4.0
185,1582,5.0
185,1549,4.0
185,3420,5.0
185,1938,4.0
185,710,4.0
185,711,4.0
185,862,5.0
185,712,4.0
185,1484,4.0
185,863,5.0
185,1194,4.0
185,864,4.0
185,957,4.0
185,82,4.0
185,958,4.0
185,466,5.0
185,617,4.0
185,1490,4.0
185,3012,4.0
185,1586,4.0
185,1098,4.0
185,1493,4.0
185,1111,4.0
185,3573,5.0
185,284,4.0
185,96,4.0
185,1719,4.0
185,3774,4.0
185,1112,4.0
185,3775,5.0
185,104,4.0
185,1494,4.0
185,106,4.0
185,3776,4.0
185,108,4.0
185,1099,4.0
185,112,4.0
185,113,4.0
185,911,4.0
185,2578,4.0
185,870,4.0
185,118,4.0
185,289,4.0
185,120,4.0
185,3777,5.0
185,3778,4.0
185,218,4.0
185,1373,4.0
185,716,4.0
185,3779,4.0
185,126,4.0
185,3452,4.0
185,129,5.0
185,1604,4.0
185,135,4.0
185,3780,4.0
185,1502,4.0
185,137,5.0
185,3781,4.0
185,3782,4.0
185,962,4.0
185,1248,5.0
185,143,4.0
185,144,5.0
185,145,4.0
185,3783,4.0
185,1609,5.0
185,2009,4.0
185,1383,4.0
185,3784,4.0
185,153,4.0
185,3785,4.0
185,158,4.0
185,164,4.0
185,165,5.0
185,3786,4.0
185,471,4.0
185,885,5.0
185,2690,4.0
185,1120,4.0
185,314,4.0
185,2762,4.0
185,890,4.0
185,184,4.0
185,622,4.0
185,3787,4.0
185,186,4.0
185,1509,4.0
185,187,4.0
185,971,4.0
185,2013,4.0
185,3499,4.0
185,3788,4.0
185,892,4.0
185,927,4.0
185,601,4.0
185,3789,4.0
185,3790,4.0
185,1250,4.0
185,973,4.0
185,2769,4.0
185,933,4.0
185,323,4.0
185,3791,5.0
185,475,5.0
185,1424,5.0
185,3686,4.0
185,3514,4.0
185,976,4.0
185,1253,4.0
185,1633,4.0
185,3384,4.0
185,3792,5.0
185,3385,4.0
185,329,4.0
185,3793,5.0
185,479,5.0
185,3538,4.0
185,728,5.0
185,3794,4.0
185,222,4.0
185,3795,4.0
185,730,4.0
185,3796,4.0
185,947,4.0
185,2163,4.0
185,3797,4.0
185,3798,4.0
185,3799,4.0
186,349,4.0
186,1047,4.0
186,3,4.0
186,4,4.5
186,1476,4.0
186,646,4.5
186,513,4.5
186,12,4.5
186,336,4.0
186,13,4.0
186,338,4.0
186,339,4.5
186,238,4.0
186,3800,4.5
186,702,4.5
186,22,4.0
186,648,4.5
186,703,4.0
186,28,4.0
186,30,4.5
186,1050,4.0
186,650,4.0
186,463,4.5
186,1223,4.0
186,256,4.0
186,514,5.0
186,464,4.0
186,3773,4.0
186,49,4.0
186,50,4.5
186,1474,4.0
186,55,4.0
186,653,4.0
186,1051,4.0
186,56,4.0
186,655,5.0
186,616,4.5
186,681,5.0
186,267,4.0
186,59,4.0
186,705,5.0
186,61,4.0
186,63,4.0
186,1273,4.0
186,65,4.5
186,2569,4.5
186,685,4.5
186,662,5.0
186,70,4.5
186,1055,4.0
186,1057,5.0
186,276,4.0
186,84,4.0
186,1233,4.0
186,1550,4.0
186,713,4.0
186,87,5.0
186,1586,4.0
186,2756,5.0
186,3801,4.0
186,1111,5.0
186,1494,4.0
186,286,5.0
186,218,4.0
186,123,4.0
186,2206,5.0
186,136,4.5
186,3802,4.5
186,139,4.0
186,914,4.5
186,150,4.5
186,3803,5.0
186,155,4.0
186,719,4.5
186,168,5.0
186,666,4.0
186,3804,4.5
186,308,4.0
186,1119,5.0
186,1766,5.0
186,3805,5.0
186,691,4.5
186,2324,4.5
186,624,5.0
186,933,4.0
186,2592,4.5
186,670,4.0
186,725,4.0
186,3685,4.5
186,3503,4.0
186,3806,5.0
186,3209,4.5
186,625,4.5
186,3807,4.0
186,1039,5.0
186,330,4.5
186,331,4.5
186,939,4.5
186,479,4.5
186,3512,4.0
186,3808,5.0
186,3809,4.0
186,733,4.5
186,482,5.0
186,1041,4.0
186,3810,4.0
186,484,4.5
186,3811,4.0
186,1905,4.0
186,694,5.0
186,3812,5.0
186,738,4.0
186,1171,4.0
186,3726,5.0
186,1042,4.5
186,2606,4.0
186,1258,5.0
186,201,4.0
186,1912,4.5
186,3813,4.0
186,695,5.0
186,492,4.5
186,1172,4.0
186,1915,4.5
186,744,4.0
186,2784,4.0
186,2610,4.0
186,1043,4.0
186,2612,4.0
186,3814,4.0
186,3815,4.5
186,3816,4.0
186,1068,4.0
186,1069,4.0
186,1070,5.0
186,1646,4.0
186,3817,4.0
186,3818,4.5
186,3819,4.0
186,1648,5.0
186,499,5.0
186,748,4.5
186,501,4.0
186,3820,4.0
186,3821,4.5
186,2792,5.0
186,3822,4.5
186,2800,4.5
186,3823,4.5
186,3824,5.0
186,2283,5.0
186,3825,4.0
186,1774,4.5
186,2804,4.0
186,675,4.0
186,3826,4.0
186,3827,4.0
186,3828,4.5
186,1857,4.0
186,3829,4.0
186,1928,4.0
186,3830,5.0
186,2207,5.0
186,697,4.0
186,3831,5.0
186,1777,4.0
186,3832,5.0
186,3833,4.0
186,3834,4.0
186,3835,4.0
186,756,4.0
186,757,4.0
186,2189,4.0
186,3836,4.0
186,3837,4.5
186,1780,4.0
186,1146,4.0
186,2046,4.0
186,3838,4.0
186,676,4.0
186,508,4.0
186,3839,4.0
187,346,4.0
187,16,5.0
187,342,4.0
187,447,4.0
187,250,5.0
187,251,5.0
187,253,5.0
187,1750,5.0
187,651,5.0
187,257,5.0
187,3521,4.0
187,34,5.0
187,2143,4.0
187,900,5.0
187,901,5.0
187,263,4.0
187,902,4.0
187,706,5.0
187,3840,4.0
187,74,5.0
187,1583,4.0
187,1229,4.0
187,1718,4.0
187,284,5.0
187,3361,4.0
187,3841,5.0
187,3842,5.0
187,3843,4.0
187,1372,5.0
187,1944,5.0
187,293,5.0
187,3844,5.0
187,1102,5.0
187,1386,4.0
187,879,5.0
187,920,5.0
187,3845,4.0
187,3846,4.0
187,3847,5.0
187,3460,5.0
187,3848,5.0
187,199,5.0
188,402,4.0
188,16,4.0
188,22,4.5
188,28,4.0
188,70,4.0
188,139,4.0
188,299,4.0
188,163,4.0
188,187,4.0
188,479,4.0
188,484,4.0
188,492,4.0
188,203,4.0
188,769,4.5
188,204,5.0
188,545,4.5
188,1683,4.0
188,208,4.5
189,402,4.0
189,22,5.0
189,615,4.5
189,654,4.5
189,682,4.0
189,200,4.0
189,716,5.0
189,163,4.0
189,1039,4.0
189,477,4.0
189,329,5.0
189,671,5.0
189,480,4.0
189,941,4.0
189,1897,5.0
189,1303,4.0
189,482,4.0
189,1525,4.0
189,483,5.0
189,485,4.0
189,693,5.0
189,1641,4.0
189,1042,5.0
189,741,4.0
189,201,4.0
189,2180,4.5
189,744,5.0
189,1043,4.0
189,1260,4.0
189,987,5.0
189,1646,4.0
189,748,4.0
189,501,4.0
189,1141,4.0
189,1928,5.0
189,1003,5.0
189,208,4.0
189,1798,5.0
189,1008,5.0
189,1185,4.0
190,0,4.0
190,2,4.0
190,349,4.0
190,350,5.0
190,332,4.0
190,607,5.0
190,354,5.0
190,333,4.0
190,334,5.0
190,3,4.0
190,4,5.0
190,2290,5.0
190,335,4.0
190,3849,4.0
190,2549,5.0
190,1212,4.0
190,3850,5.0
190,646,5.0
190,1335,4.0
190,3851,5.0
190,7,4.0
190,3852,4.0
190,233,5.0
190,3006,5.0
190,1198,5.0
190,2744,5.0
190,235,4.0
190,513,5.0
190,1200,4.0
190,3853,5.0
190,383,4.0
190,12,5.0
190,1201,5.0
190,337,4.0
190,237,5.0
190,1048,5.0
190,395,4.0
190,3854,4.0
190,647,5.0
190,339,5.0
190,2296,5.0
190,1265,4.0
190,1292,5.0
190,1213,5.0
190,1214,5.0
190,398,4.0
190,402,4.0
190,238,4.0
190,404,5.0
190,3855,5.0
190,241,5.0
190,3439,4.0
190,3856,5.0
190,2551,5.0
190,30,5.0
190,3857,5.0
190,3405,5.0
190,851,5.0
191,955,5.0
191,373,5.0
191,375,4.0
191,509,5.0
191,382,4.0
191,608,4.0
191,396,4.0
191,399,4.0
191,400,4.0
191,15,5.0
191,16,5.0
191,416,5.0
191,418,4.0
191,422,4.0
191,21,5.0
191,26,4.0
192,13,5.0
192,339,4.0
192,22,4.0
192,704,4.0
192,615,4.5
192,254,5.0
192,464,5.0
192,654,5.0
192,56,4.5
192,59,5.0
192,656,5.0
192,1124,4.0
192,482,5.0
192,693,4.0
192,492,4.0
192,3858,5.0
192,762,4.5
192,1313,4.0
192,1147,4.0
192,2285,5.0
192,634,4.0
193,901,4.0
193,51,4.5
193,274,4.0
193,199,4.0
193,491,4.5
194,2,4.0
194,955,4.0
194,349,4.0
194,607,4.0
194,354,4.0
194,334,4.0
194,4,5.0
194,1476,4.0
194,373,4.0
194,1270,4.0
194,12,5.0
194,13,4.0
194,339,5.0
194,1265,4.0
194,402,5.0
194,415,4.0
194,702,4.0
194,22,4.0
194,25,4.0
194,30,5.0
194,462,5.0
194,704,4.0
194,1223,4.0
194,253,5.0
194,254,5.0
194,679,5.0
194,2145,4.0
194,47,5.0
194,50,5.0
194,51,5.0
194,1474,4.0
194,56,4.0
194,61,4.0
194,62,5.0
194,65,4.0
194,1110,4.0
194,271,4.0
194,272,5.0
194,71,5.0
194,75,4.0
194,1190,5.0
194,572,4.0
194,3859,4.0
194,276,4.0
194,2630,4.0
194,1233,4.0
194,1235,4.0
194,200,4.0
194,87,4.0
194,581,4.0
194,91,4.0
194,1883,4.0
194,2675,4.0
194,715,4.0
194,1277,4.0
194,1246,4.0
194,3860,5.0
194,121,4.0
194,124,4.0
194,3647,4.0
194,127,4.0
194,1280,4.0
194,874,5.0
194,1500,4.0
194,140,5.0
194,1380,4.0
194,149,4.0
194,299,5.0
194,878,4.0
194,1725,4.0
194,153,4.0
194,1505,4.0
194,155,4.0
194,1390,4.0
194,1391,4.0
194,158,4.0
194,879,5.0
194,2010,4.0
194,720,4.0
194,1616,4.0
194,2689,4.0
194,1398,4.0
194,2690,4.0
194,1400,4.0
194,176,4.0
194,1266,4.0
194,1769,4.0
194,622,4.0
194,1410,4.0
194,187,4.0
194,196,4.0
194,317,5.0
194,1036,4.0
194,1299,4.0
194,3861,4.0
194,1627,5.0
194,319,5.0
194,932,4.0
194,934,4.0
194,321,4.0
194,322,5.0
194,3862,4.0
194,325,5.0
194,1422,4.0
194,3175,4.0
194,2108,4.0
194,3863,4.0
194,625,5.0
194,480,4.0
195,361,4.5
195,373,5.0
195,413,5.0
195,32,5.0
195,679,4.5
195,63,4.5
195,81,4.0
195,139,5.0
195,187,5.0
195,731,4.0
195,1254,4.5
195,763,4.0
195,1554,4.0
195,2233,4.5
195,204,5.0
195,777,4.5
195,545,4.0
195,642,4.5
195,834,5.0
196,647,5.0
196,339,5.0
196,402,4.0
196,648,5.0
196,571,5.0
196,27,5.0
196,464,4.0
196,49,5.0
196,654,5.0
196,705,5.0
196,68,4.0
196,2626,4.0
196,3864,5.0
196,581,5.0
196,1493,4.0
196,285,4.0
196,3865,5.0
196,121,4.0
196,139,5.0
196,143,5.0
196,1887,4.0
197,352,4.0
197,607,4.0
197,354,5.0
197,333,4.0
197,334,5.0
197,3,5.0
197,4,5.0
197,335,5.0
197,1749,4.0
197,1288,4.0
197,509,4.0
197,3485,4.0
197,235,5.0
197,13,5.0
197,237,5.0
197,608,4.0
197,339,5.0
197,400,5.0
197,402,5.0
197,1268,4.0
197,16,5.0
197,512,5.0
197,413,4.0
197,242,4.0
197,19,4.0
197,1342,4.0
197,28,4.0
197,704,4.0
197,855,4.0
197,256,5.0
197,651,4.0
197,258,5.0
197,35,5.0
197,464,4.0
197,50,5.0
197,52,4.0
197,54,4.0
197,2111,5.0
197,56,5.0
197,57,5.0
197,58,4.0
197,59,5.0
197,61,5.0
197,62,4.0
197,709,5.0
197,270,5.0
197,660,4.0
197,271,4.0
197,70,4.0
197,71,5.0
197,1055,4.0
197,2673,4.0
197,1352,4.0
197,1206,5.0
197,1228,5.0
197,1359,4.0
197,82,4.0
197,958,4.0
197,466,4.0
197,576,5.0
197,84,4.0
197,2619,4.0
197,1362,5.0
197,617,5.0
197,1490,4.0
197,1235,4.0
197,200,4.0
197,3866,4.0
197,715,5.0
197,98,5.0
197,1367,4.0
197,100,4.0
197,3867,4.0
197,1720,4.0
197,906,5.0
197,716,5.0
197,124,5.0
197,1241,4.0
197,873,4.0
197,1605,4.0
197,139,5.0
197,2152,5.0
197,2688,5.0
197,149,4.0
197,963,4.0
197,3868,4.0
197,153,4.0
197,155,5.0
197,158,4.0
197,163,5.0
197,1116,5.0
197,174,5.0
197,2154,5.0
197,1400,5.0
197,178,4.0
197,3869,5.0
197,182,5.0
197,1284,4.0
197,621,4.0
197,1509,4.0
197,3870,5.0
197,972,4.0
197,3871,4.0
197,624,4.0
197,318,4.0
197,932,4.0
197,3872,5.0
197,322,5.0
197,323,4.0
197,3683,4.0
197,670,4.0
197,1063,4.0
197,476,4.0
197,1894,4.0
197,478,4.0
197,671,4.0
197,480,4.0
197,941,4.0
197,942,5.0
197,481,5.0
197,3809,5.0
197,3873,5.0
198,2,4.0
198,347,4.0
198,332,4.0
198,607,5.0
198,334,4.0
198,4,4.0
198,373,4.0
198,13,4.0
198,339,4.0
198,1265,4.0
198,402,4.0
198,3439,4.0
198,420,4.0
198,20,4.0
198,22,5.0
198,2302,4.0
198,648,5.0
198,28,4.0
198,30,5.0
198,463,5.0
198,615,4.0
198,255,4.0
198,256,5.0
198,651,4.5
198,35,5.0
198,1092,4.0
198,47,5.0
198,858,4.0
198,49,4.5
198,50,4.0
198,55,5.0
198,2751,5.0
198,265,4.5
198,1713,4.0
198,57,4.0
198,58,4.0
198,1163,5.0
198,59,4.0
198,60,5.0
198,2752,4.0
198,62,4.0
198,63,4.0
198,1879,5.0
198,683,4.0
198,1053,5.0
198,68,5.0
198,1164,4.0
198,270,5.0
198,1096,5.0
198,70,4.0
198,663,5.0
198,1165,5.0
198,664,4.0
198,2673,4.0
198,73,5.0
198,860,4.0
198,1097,4.5
198,2313,4.0
198,1166,4.0
198,1583,5.0
198,3140,4.0
198,572,4.0
198,712,4.5
198,1275,5.0
198,2562,4.0
198,80,5.0
198,574,4.0
198,958,4.0
198,467,5.0
198,84,5.0
198,277,4.0
198,579,4.0
198,2148,4.0
198,584,5.0
198,3361,4.0
198,94,4.0
198,100,4.0
198,1720,4.0
198,3874,4.0
198,1113,4.0
198,2654,5.0
198,517,5.0
198,3647,4.0
198,873,4.0
198,295,4.5
198,137,4.0
198,1242,4.0
198,139,4.0
198,297,4.0
198,3875,4.0
198,470,4.0
198,298,4.5
198,149,5.0
198,3416,4.0
198,299,4.0
198,300,5.0
198,918,4.0
198,3785,4.0
198,155,5.0
198,1391,4.0
198,1886,4.0
198,1281,4.0
198,879,4.5
198,1245,4.0
198,3876,4.0
198,168,4.0
198,882,4.0
198,1103,4.0
198,173,4.5
198,1733,4.0
198,3663,4.0
198,3877,4.0
198,308,4.0
198,885,4.0
198,1283,4.0
198,1510,4.0
198,187,4.0
198,190,4.5
198,933,4.0
198,322,4.0
198,1123,4.0
198,670,4.0
198,2642,4.0
198,3514,5.0
198,3343,5.0
198,1965,4.5
198,3209,4.0
198,2700,4.0
198,1125,4.0
198,199,5.0
198,3878,4.5
198,1303,4.0
198,731,4.0
198,732,4.5
198,1522,4.5
198,1074,4.5
198,1976,4.5
198,485,4.0
198,735,5.0
198,693,4.0
198,2701,4.0
198,1129,4.0
198,741,4.5
198,2609,4.0
198,3473,4.0
198,2781,4.0
198,2030,4.0
198,744,4.0
198,497,4.5
198,1648,4.5
198,1140,4.0
198,1141,4.0
198,2190,4.5
198,1146,4.0
198,762,4.0
198,3879,4.5
198,203,4.0
198,507,4.5
198,1667,4.0
198,1317,5.0
198,3212,4.0
198,1044,4.0
198,1045,4.0
198,1000,4.5
198,1681,4.5
199,345,4.0
199,955,4.5
199,585,5.0
199,3,4.0
199,368,4.5
199,6,4.5
199,373,4.0
199,460,4.0
199,13,5.0
199,339,5.0
199,402,5.0
199,405,4.0
199,1268,4.0
199,16,4.0
199,512,4.0
199,415,4.0
199,1459,4.0
199,19,5.0
199,246,4.0
199,434,5.0
199,247,4.0
199,651,4.0
199,3011,5.0
199,45,5.0
199,48,4.0
199,902,4.0
199,465,4.0
199,56,5.0
199,57,5.0
199,58,4.0
199,61,5.0
199,62,4.0
199,64,4.5
199,270,4.0
199,271,4.0
199,71,4.0
199,2310,4.0
199,3208,4.0
199,903,5.0
199,1206,4.0
199,79,5.0
199,1488,4.5
199,958,4.0
199,467,4.0
199,617,4.0
199,200,4.5
199,959,4.5
199,88,5.0
199,584,4.0
199,285,4.0
199,1246,4.0
199,619,4.0
199,98,4.0
199,1720,4.0
199,112,4.0
199,2008,5.0
199,3880,4.5
199,1372,4.0
199,3881,4.5
199,873,5.0
199,589,4.0
199,1500,4.5
199,136,4.0
199,962,4.0
199,139,5.0
199,590,5.0
199,591,4.0
199,1248,4.0
199,470,4.0
199,298,4.0
199,2722,4.5
199,153,4.0
199,1388,4.0
199,1393,4.0
199,879,5.0
199,160,4.0
199,161,4.0
199,162,4.0
199,163,5.0
199,166,4.0
199,3882,4.0
199,967,4.0
199,309,4.0
199,1399,4.0
199,176,4.0
199,311,5.0
199,1406,5.0
199,314,4.0
199,1284,5.0
199,187,4.0
199,971,4.0
199,1249,4.0
199,196,4.0
199,2016,4.0
199,317,4.5
199,473,4.0
199,1299,4.5
199,1300,4.0
199,1250,4.0
199,973,4.0
199,930,4.0
199,2262,4.0
199,474,4.0
199,932,4.5
199,2017,5.0
199,933,4.0
199,1417,4.0
199,670,4.0
199,1513,4.5
199,1514,5.0
199,529,4.5
199,692,4.0
199,1302,5.0
199,3535,4.0
199,1124,5.0
199,329,4.0
199,478,4.0
199,671,5.0
199,479,4.0
199,480,4.0
199,944,5.0
199,1897,4.0
199,945,4.5
199,731,4.0
199,483,4.0
199,981,4.0
199,484,4.5
199,485,4.5
199,486,5.0
199,1906,4.0
199,487,4.0
199,488,5.0
199,1305,4.0
199,737,4.0
199,1254,4.0
199,3883,4.0
199,489,4.0
199,1979,4.0
199,490,5.0
199,201,5.0
199,982,4.0
199,531,4.5
199,2028,4.0
199,492,4.0
199,1308,5.0
199,744,4.5
199,1991,4.0
199,1043,5.0
199,1260,4.5
199,536,4.0
199,987,4.0
199,747,4.0
199,1647,4.0
199,2033,5.0
199,1648,4.0
199,749,4.0
199,501,4.0
199,1701,4.5
199,753,4.0
199,2038,4.0
199,539,4.0
199,1929,5.0
199,1777,5.0
199,1310,4.0
199,993,5.0
199,540,4.0
199,1931,4.0
199,1311,4.0
199,1143,4.5
199,759,5.0
199,994,4.0
199,763,4.5
199,3884,5.0
199,505,4.0
199,2048,4.5
199,764,5.0
199,1313,5.0
199,1077,4.5
199,1664,4.0
199,508,5.0
199,1149,4.0
199,1315,4.5
199,1667,5.0
199,1078,5.0
199,1654,4.0
199,998,4.0
199,1655,4.0
199,2621,5.0
199,769,4.0
199,1671,4.5
199,1656,5.0
199,774,4.5
199,2068,4.0
199,1152,4.0
199,2069,4.0
199,204,5.0
199,777,4.5
199,2665,4.0
199,3034,5.0
199,1788,4.0
199,2132,4.0
199,3885,4.0
200,0,5.0
200,347,4.0
200,349,4.0
200,352,4.0
200,607,5.0
200,354,4.0
200,333,5.0
200,373,4.0
200,1445,4.0
200,375,4.0
200,13,5.0
200,339,5.0
200,405,5.0
200,16,5.0
200,416,4.0
200,1459,4.0
200,21,5.0
200,23,5.0
200,849,4.0
200,433,5.0
200,571,5.0
200,28,5.0
200,434,5.0
200,32,5.0
200,444,4.0
200,1346,4.0
200,1224,4.0
200,900,4.0
200,901,4.0
200,53,5.0
200,54,4.0
200,56,5.0
200,57,5.0
200,58,5.0
200,61,5.0
200,62,4.0
200,68,5.0
200,271,4.0
200,71,5.0
200,860,4.0
200,75,5.0
200,1352,5.0
200,1354,4.0
200,80,4.0
200,864,4.0
200,1488,4.0
200,82,4.0
200,958,4.0
200,466,5.0
200,598,5.0
200,580,5.0
200,1098,4.0
200,1493,5.0
200,468,4.0
200,584,5.0
200,285,5.0
200,619,5.0
200,100,5.0
200,104,4.0
200,906,4.0
200,108,4.0
200,1099,4.0
200,112,5.0
200,3886,5.0
200,870,4.0
200,116,5.0
200,3880,4.0
200,119,4.0
200,2676,5.0
200,1597,5.0
200,1372,5.0
200,1600,4.0
200,716,5.0
200,3647,4.0
200,912,5.0
200,873,5.0
200,961,4.0
200,1605,4.0
200,298,5.0
200,592,4.0
200,963,4.0
200,151,5.0
200,299,5.0
200,153,4.0
200,155,5.0
200,158,4.0
200,879,5.0
201,0,4.0
201,344,4.0
201,2,5.0
201,955,4.0
201,347,4.0
201,1047,4.0
201,354,4.0
201,4,4.0
201,335,4.0
201,1749,4.0
201,6,4.0
201,373,4.0
201,1270,4.0
201,12,4.0
201,3887,4.0
201,1201,5.0
201,13,4.0
201,647,5.0
201,339,4.0
201,1265,4.0
201,1292,5.0
201,1214,4.0
201,402,4.0
201,409,4.0
201,16,5.0
201,512,4.0
201,1294,4.0
201,3888,5.0
201,21,4.0
201,1202,4.0
201,1109,4.0
201,428,4.0
201,570,4.0
201,341,4.0
201,648,5.0
201,3889,4.0
201,246,4.0
201,571,5.0
201,26,4.0
201,28,5.0
201,343,4.0
201,29,4.0
201,30,4.0
201,1271,4.0
201,439,4.0
201,649,4.0
201,3890,4.0
201,2746,4.0
201,1222,4.0
201,1050,4.0
201,463,5.0
201,451,4.0
201,615,4.0
201,254,5.0
201,256,5.0
201,651,4.0
201,34,4.0
201,258,4.0
201,35,5.0
201,464,5.0
201,1162,5.0
201,3570,4.0
201,3445,4.0
201,679,4.0
201,263,4.0
201,50,5.0
201,51,5.0
201,1752,4.0
201,515,5.0
201,53,4.0
201,1697,4.0
201,54,5.0
201,2307,4.0
201,2308,4.0
201,55,5.0
201,652,5.0
201,2111,4.0
201,3633,4.0
201,2309,4.0
201,265,4.0
201,1713,4.0
201,3891,4.0
201,266,4.0
201,56,5.0
201,57,4.0
201,58,5.0
201,655,4.0
201,616,5.0
201,681,5.0
201,267,4.0
201,1163,5.0
201,59,4.0
201,60,4.0
201,705,5.0
201,706,4.0
201,63,4.0
201,2216,5.0
201,268,4.0
201,64,4.0
201,682,4.0
201,67,4.0
201,1351,4.0
201,684,5.0
201,68,4.0
201,1164,5.0
201,709,4.0
201,659,4.0
201,1110,4.0
201,271,5.0
201,1096,5.0
201,70,5.0
201,272,5.0
201,663,5.0
201,71,4.0
201,2310,4.0
201,1165,5.0
201,72,4.0
201,664,4.0
201,2673,4.0
201,73,4.0
201,1227,4.0
201,273,4.0
201,75,4.0
201,2312,4.0
201,2313,4.0
201,665,4.0
201,2113,4.0
201,1190,5.0
201,1583,4.0
201,3892,4.0
201,1352,5.0
201,572,4.0
201,1483,4.0
201,712,5.0
201,1484,4.0
201,863,4.0
201,1275,4.0
201,1276,4.0
201,1208,5.0
201,1359,4.0
201,79,5.0
201,1229,4.0
201,958,4.0
201,466,5.0
201,83,5.0
201,467,4.0
201,84,4.0
201,598,4.0
201,277,4.0
201,1716,4.0
201,1363,4.0
201,516,4.0
201,1235,4.0
201,278,4.0
201,581,4.0
201,1493,4.0
201,1032,4.0
201,1033,4.0
201,94,4.0
201,3362,4.0
201,2675,4.0
201,2114,4.0
201,715,4.0
201,285,5.0
201,96,4.0
201,618,4.0
201,2150,4.0
201,99,4.0
201,1759,4.0
201,100,4.0
201,1494,4.0
201,1099,4.0
201,111,4.0
201,3146,4.0
201,1278,4.0
201,288,5.0
201,688,4.0
201,1498,4.0
201,3843,4.0
201,121,4.0
201,1113,4.0
201,218,4.0
201,2654,4.0
201,123,4.0
201,1373,4.0
201,3893,4.0
201,3451,4.0
201,1375,5.0
201,912,4.0
201,873,4.0
201,129,4.0
201,1101,4.0
201,3894,4.0
201,718,4.0
201,3895,4.0
201,1947,4.0
201,295,4.0
201,2106,4.0
201,137,4.0
201,3896,4.0
201,139,4.0
201,143,4.0
201,144,4.0
201,145,4.0
201,1297,4.0
201,151,4.0
201,3897,4.0
201,152,5.0
201,299,5.0
201,153,4.0
201,3898,4.0
201,3785,4.0
201,155,4.0
201,1390,4.0
201,156,5.0
201,1391,4.0
201,879,4.0
201,303,4.0
201,159,4.0
201,161,5.0
201,162,4.0
201,719,4.0
201,163,5.0
201,1949,4.0
201,3899,4.0
201,964,4.0
201,965,4.0
201,167,4.0
201,168,5.0
201,666,4.0
201,1035,4.0
201,3900,4.0
201,3901,5.0
201,689,4.0
201,306,5.0
201,173,4.0
201,3786,4.0
201,2638,4.0
201,1394,5.0
201,1116,4.0
201,1104,4.0
201,1734,4.0
201,667,4.0
201,174,4.0
201,309,4.0
201,3902,4.0
201,310,4.0
201,2154,4.0
201,3155,4.0
201,311,4.0
201,3903,4.0
201,3904,4.0
201,1956,4.0
201,3905,4.0
201,887,4.0
201,2117,4.0
201,1120,4.0
201,1283,4.0
201,1170,4.0
201,3369,4.0
201,3906,4.0
201,2639,5.0
201,3907,4.0
201,184,4.0
201,3908,5.0
201,315,5.0
201,1888,4.0
201,186,4.0
201,3909,4.0
201,3159,4.0
201,1411,4.0
201,969,5.0
201,970,4.0
201,1107,4.0
201,594,4.0
201,691,4.0
201,3370,4.0
201,3910,4.0
201,3911,4.0
201,194,4.0
201,1621,4.0
201,196,5.0
201,1108,5.0
201,3912,4.0
201,199,4.0
202,6,5.0
202,339,5.0
202,402,4.0
202,15,4.0
202,26,5.0
202,1480,4.0
202,466,5.0
202,1372,4.0
202,187,5.0
202,1301,4.0
202,475,4.0
202,477,4.0
202,479,5.0
202,731,5.0
202,484,5.0
202,492,5.0
202,536,4.5
202,747,5.0
202,769,5.0
202,1672,5.0
202,1151,4.0
202,1080,4.0
202,2100,4.0
202,1807,4.5
202,811,5.0
203,3,5.0
203,647,4.5
203,339,4.5
203,22,4.5
203,28,4.5
203,615,4.0
203,49,4.0
203,50,4.5
203,51,4.0
203,55,5.0
203,59,4.0
203,60,4.5
203,65,5.0
203,617,5.0
203,1885,4.0
203,124,5.0
203,139,4.5
203,1503,5.0
203,155,4.0
203,163,5.0
203,2218,5.0
203,927,4.0
203,624,5.0
203,670,4.5
203,475,4.0
203,1124,5.0
203,671,4.0
203,479,4.0
203,518,4.0
203,3913,5.0
203,735,4.0
203,1853,4.0
203,740,4.0
203,201,4.5
203,742,5.0
203,744,4.5
203,1648,5.0
203,3914,4.0
203,3915,4.5
203,1141,4.0
203,1777,4.0
203,992,4.0
203,540,4.0
203,2189,4.5
203,760,5.0
203,628,5.0
203,1667,4.5
203,3916,4.0
203,1044,4.0
203,204,4.0
203,1786,5.0
203,3917,4.0
203,2072,4.0
203,206,5.0
203,545,4.0
203,1080,4.0
203,2322,4.0
203,794,4.5
203,699,4.5
203,2136,4.5
203,3261,4.0
203,1806,5.0
204,13,4.5
204,16,4.0
204,169,4.0
204,329,4.5
204,201,4.5
204,492,4.0
204,987,4.0
204,206,4.0
204,1003,4.0
204,3918,5.0
204,795,4.0
204,1798,4.0
204,549,4.5
204,1008,4.0
204,806,4.5
204,554,4.0
204,812,4.5
204,3919,4.5
205,0,5.0
205,346,4.0
205,2288,4.0
205,350,5.0
205,607,5.0
205,334,5.0
205,335,5.0
205,361,4.0
205,2293,4.0
205,370,4.0
205,30,5.0
205,31,5.0
205,445,4.0
205,1704,4.0
205,248,5.0
205,449,5.0
205,710,4.0
206,2570,4.0
206,2572,4.0
206,1112,4.0
206,155,5.0
206,162,4.5
206,166,4.0
207,6,4.0
207,571,4.0
207,61,4.0
207,2673,4.0
207,1367,4.0
207,100,5.0
207,105,4.0
207,125,4.0
207,139,5.0
207,591,4.0
207,143,4.0
207,299,4.0
207,158,4.0
208,402,5.0
208,16,4.5
208,28,4.5
208,58,5.0
208,75,5.0
208,200,4.5
208,100,4.0
208,139,5.0
208,299,4.0
208,155,4.5
208,163,4.5
208,187,4.0
208,605,5.0
208,479,5.0
208,484,5.0
208,492,5.0
208,1667,4.5
208,775,4.5
208,1156,5.0
208,629,4.5
208,206,5.0
208,545,4.0
208,207,4.5
208,208,5.0
208,2135,4.5
208,1008,4.5
208,552,4.0
208,556,4.0
208,846,4.5
209,13,5.0
209,571,4.0
209,56,5.0
209,61,5.0
209,71,4.5
209,710,4.5
209,864,5.0
209,466,4.0
209,619,4.5
209,139,5.0
209,143,5.0
209,151,4.5
209,174,4.0
209,1513,4.5
209,475,4.0
209,476,4.0
209,329,4.5
209,479,4.0
209,480,4.5
209,730,4.5
209,947,5.0
209,483,4.5
209,3920,4.0
209,484,4.0
209,488,4.5
209,489,4.5
209,2275,4.0
209,982,4.5
209,492,4.0
209,3921,4.5
209,3922,4.0
209,3923,4.0
209,3924,4.0
209,3925,4.0
209,496,4.5
209,626,5.0
209,992,4.5
209,1143,4.5
209,3926,4.0
209,1663,4.5
209,628,4.0
209,2232,4.5
209,1315,4.0
209,3927,4.0
209,1784,4.0
209,3928,4.0
209,204,4.0
209,777,4.5
209,677,5.0
209,3929,4.0
209,3930,4.0
209,3931,4.0
209,698,4.5
209,1003,4.5
209,1080,4.0
209,789,5.0
209,1683,5.0
209,795,4.5
209,678,4.0
209,548,4.0
209,3616,4.5
209,2093,4.5
209,2098,4.0
209,801,4.5
209,1008,4.5
209,803,4.5
209,3932,4.5
209,2712,4.5
209,3182,4.0
209,810,4.0
209,3418,4.5
209,3933,4.5
209,2258,4.5
209,557,4.0
209,3934,4.5
209,3621,4.5
209,820,4.5
209,639,4.5
209,1689,5.0
209,823,5.0
209,3935,4.5
209,826,5.0
209,3936,4.5
209,3937,4.5
209,641,5.0
209,829,4.5
209,3742,4.5
209,1085,4.5
209,830,5.0
209,831,4.0
209,1828,4.5
209,3938,4.0
209,3939,4.0
209,642,4.5
209,1829,4.5
209,1026,4.0
209,3940,4.5
209,3941,5.0
209,3942,4.5
209,3943,4.5
209,3944,4.5
209,3945,4.5
209,3946,4.5
209,3947,4.5
209,3948,4.5
209,3949,4.5
209,3950,4.0
209,3951,4.0
209,645,4.5
209,2667,5.0
209,3952,4.0
209,3953,4.5
209,3954,4.0
210,4,4.0
210,13,4.5
210,339,4.5
210,402,5.0
210,16,4.5
210,615,4.5
210,41,4.0
210,679,4.5
210,1697,4.0
210,55,4.0
210,56,4.5
210,58,4.5
210,61,4.0
210,65,4.0
210,709,4.5
210,200,5.0
210,1236,4.0
210,100,4.0
210,138,4.5
210,139,5.0
210,155,4.0
210,163,5.0
210,170,4.5
210,1284,4.0
210,187,5.0
210,971,4.5
210,605,4.5
210,670,4.5
210,725,4.5
210,731,4.0
210,492,4.0
210,747,4.0
210,1777,4.0
210,1310,5.0
210,540,4.0
210,1664,4.0
210,628,4.0
210,508,4.5
210,1149,4.0
210,769,4.0
210,773,4.0
210,775,4.5
210,204,4.5
210,777,4.0
210,1156,5.0
210,1679,4.0
210,698,4.0
210,1680,4.0
210,1681,4.0
210,1682,4.0
210,790,4.0
210,678,4.0
210,208,4.5
210,796,4.5
210,801,4.0
210,803,5.0
210,2247,4.0
210,805,4.0
210,551,5.0
210,806,4.0
210,1181,4.5
211,402,4.5
211,571,4.0
211,464,4.0
211,49,4.5
211,55,4.0
211,58,4.0
211,59,4.0
211,64,4.0
211,68,4.0
211,685,4.0
211,75,4.0
211,97,4.0
211,106,4.0
211,300,4.0
211,163,4.5
211,666,4.0
211,176,4.0
211,972,4.5
211,472,4.0
211,605,4.0
211,931,4.5
211,475,4.0
211,939,4.0
211,482,4.0
211,1901,4.0
211,673,4.0
211,694,4.0
211,1305,4.0
211,1919,4.0
211,1648,4.0
211,2800,4.0
211,675,4.5
211,1140,4.0
211,697,4.0
211,1777,4.0
211,991,4.0
211,540,4.0
211,760,4.0
211,1313,4.0
211,1554,4.0
211,676,4.5
211,1667,4.5
211,767,4.0
211,2233,4.0
211,2820,4.5
211,1316,4.0
211,1673,4.0
211,776,4.0
211,778,4.0
211,677,4.0
211,629,4.0
211,782,4.0
211,206,4.0
211,1682,4.0
211,2707,4.5
211,1539,4.0
211,1864,4.0
211,548,4.0
211,796,4.5
211,699,4.0
211,1797,4.0
211,2136,4.0
211,1798,4.0
211,3955,4.0
211,3956,4.0
211,3957,4.0
211,803,4.0
211,1806,4.0
211,3958,4.0
211,1180,4.0
211,3959,4.0
211,2857,4.5
211,556,4.0
211,1182,4.0
211,2866,4.0
211,634,4.0
211,3418,4.0
211,812,4.5
211,815,4.0
211,3960,4.0
211,1327,4.5
211,3432,4.0
211,819,4.0
211,638,4.0
211,214,4.5
211,823,4.0
211,1822,4.0
211,1022,4.0
211,828,4.0
211,1826,4.0
211,1085,4.5
211,830,4.0
211,1025,4.0
211,1828,4.0
211,642,4.0
211,1829,4.5
211,3961,4.0
211,3299,4.5
211,3962,4.0
211,3963,4.0
211,2955,4.5
211,3115,4.0
211,645,4.0
211,844,4.5
211,3964,4.0
211,3965,4.5
211,1839,4.5
211,3966,4.5
211,1843,4.0
211,846,5.0
211,3967,4.0
211,3954,4.0
211,3968,4.5
211,3969,4.0
211,3970,5.0
211,3971,4.5
212,571,5.0
212,615,4.0
212,254,4.0
212,679,4.0
212,58,4.0
212,267,4.0
212,63,4.5
212,684,4.0
212,68,4.0
212,75,4.0
212,1483,4.0
212,1235,4.0
212,580,4.0
212,92,4.0
212,94,4.5
212,3972,4.5
212,2694,4.5
212,153,4.0
212,2010,4.0
212,1298,4.0
212,2762,4.0
212,1769,4.0
212,1284,4.0
212,3973,4.0
212,475,4.5
212,479,4.0
212,2020,4.5
212,731,4.5
212,2600,4.0
212,3974,4.0
212,484,4.0
212,3975,4.0
212,489,4.0
212,742,5.0
212,492,4.5
212,986,5.0
212,2228,4.0
212,1314,4.0
212,1149,4.0
212,1860,4.0
212,204,4.5
212,1790,4.5
212,630,4.5
212,1080,4.0
212,1539,4.0
212,794,4.5
212,678,4.5
212,3976,4.5
212,3977,4.0
212,3978,4.5
213,4,5.0
213,1335,4.5
213,13,4.5
213,402,5.0
213,22,4.5
213,256,4.5
213,2111,5.0
213,56,4.5
213,57,4.5
213,58,4.0
213,267,4.0
213,59,4.0
213,60,5.0
213,269,5.0
213,1053,4.0
213,709,4.5
213,659,4.5
213,1581,4.0
213,271,4.5
213,3979,5.0
213,861,5.0
213,84,4.0
213,200,4.5
213,88,4.5
213,285,5.0
213,97,4.5
213,112,4.0
213,2008,4.5
213,3880,4.0
213,1597,4.5
213,716,5.0
213,138,4.0
213,1060,5.0
213,149,4.5
213,299,4.5
213,155,4.0
213,879,4.5
213,163,4.5
213,171,4.5
213,174,4.0
213,1399,4.5
213,1400,4.0
213,182,4.5
213,932,4.5
213,670,4.0
213,3980,4.0
213,1124,4.0
213,478,4.0
213,671,4.5
213,479,4.0
213,672,5.0
213,484,4.0
213,2025,5.0
213,489,4.0
213,531,4.0
213,492,4.0
213,1647,4.5
213,1141,4.0
213,508,4.0
213,3981,5.0
213,1044,4.0
213,2129,4.0
213,3982,5.0
213,1159,4.5
213,698,4.0
214,333,5.0
214,232,5.0
214,1202,4.0
214,246,4.0
214,342,4.0
214,343,5.0
214,436,4.0
214,250,5.0
214,2747,4.0
214,2748,4.0
214,255,4.0
214,651,4.0
214,1696,4.0
214,3983,4.0
214,514,5.0
214,3984,4.0
214,1751,5.0
214,259,5.0
214,857,5.0
214,1710,5.0
214,1711,4.0
214,900,4.0
214,44,4.0
214,858,5.0
214,2306,4.0
214,55,5.0
214,3985,4.0
214,2111,4.0
214,265,4.0
214,58,5.0
214,658,5.0
214,3446,5.0
214,1580,4.0
214,660,4.0
214,70,4.0
214,663,5.0
214,859,4.0
214,73,4.0
214,74,4.0
214,274,5.0
214,1583,5.0
214,1276,4.0
214,84,5.0
214,277,5.0
214,584,4.0
214,3986,4.0
214,99,4.0
214,1494,5.0
214,869,4.0
214,909,4.0
214,289,4.0
214,3777,4.0
214,3450,5.0
214,3843,4.0
214,2654,4.0
214,517,5.0
214,128,5.0
214,297,4.0
214,150,4.0
214,300,5.0
214,919,4.0
214,155,5.0
214,3658,5.0
214,1393,5.0
214,3350,5.0
214,3987,4.0
214,3876,4.0
214,3846,4.0
214,1887,4.0
214,3458,4.0
214,1399,4.0
214,1405,4.0
214,599,4.0
214,1283,4.0
214,1170,4.0
214,889,5.0
214,3988,4.0
214,1737,5.0
214,1284,5.0
214,1766,5.0
214,1742,5.0
214,2119,5.0
214,187,4.0
214,600,4.0
214,3370,5.0
214,928,4.0
214,196,4.0
214,3989,4.0
214,317,5.0
214,3990,4.0
214,1512,5.0
214,1250,4.0
214,1627,5.0
214,319,4.0
214,322,5.0
215,0,4.0
215,955,4.0
215,333,4.0
215,364,4.0
215,513,4.0
215,13,5.0
215,403,4.0
215,15,4.0
215,1294,4.0
215,20,4.0
215,340,4.0
215,21,4.0
215,1470,4.0
215,3991,4.0
215,26,4.0
215,30,5.0
215,462,5.0
215,851,4.0
215,1704,4.0
215,2747,4.0
215,2748,4.0
215,255,4.0
215,38,4.0
215,1092,4.0
215,452,4.0
215,3356,4.0
215,679,4.0
215,2306,5.0
215,465,4.0
215,54,4.0
215,653,4.0
215,56,5.0
215,58,5.0
215,61,5.0
215,684,5.0
215,1164,4.0
215,859,4.0
215,75,5.0
215,861,4.0
215,710,4.0
215,1483,4.0
215,711,4.0
215,1353,4.0
215,1484,4.0
215,863,5.0
215,1275,4.0
215,1071,5.0
215,958,5.0
215,575,4.0
215,578,4.0
215,467,5.0
215,277,5.0
215,1058,4.0
215,581,4.0
215,3992,4.0
215,285,4.0
215,96,4.0
215,100,4.0
215,588,4.0
215,909,4.0
215,112,5.0
215,114,4.0
215,119,4.0
215,688,4.0
215,1498,4.0
215,1372,4.0
215,125,4.0
215,2693,4.0
215,1280,4.0
215,3972,4.0
215,1101,4.0
215,3894,4.0
215,3993,4.0
215,1380,4.0
215,142,4.0
215,143,4.0
215,144,4.0
215,145,4.0
215,3416,5.0
215,151,4.0
215,1384,4.0
215,299,4.0
215,3994,4.0
215,159,4.0
215,164,4.0
215,689,4.0
215,1614,4.0
215,471,5.0
215,885,4.0
215,3458,5.0
215,1401,4.0
215,3460,4.0
215,1266,4.0
215,1283,4.0
215,3507,5.0
215,3465,4.0
215,3995,4.0
215,3996,4.0
216,240,4.0
216,2719,4.0
216,463,5.0
216,855,4.0
216,58,4.0
216,270,4.0
216,660,4.5
216,1352,4.0
216,80,4.0
216,1233,5.0
216,149,4.0
216,3416,4.0
216,484,4.0
216,496,4.0
217,955,4.5
217,4,5.0
217,373,4.0
217,460,4.5
217,513,4.0
217,13,5.0
217,647,4.0
217,339,4.0
217,402,5.0
217,1268,4.0
217,413,5.0
217,20,4.5
217,21,4.0
217,1295,4.0
217,1463,4.0
217,246,4.5
217,571,4.5
217,28,4.5
217,462,4.5
217,1050,4.0
217,704,4.0
217,444,4.0
217,615,4.5
217,253,5.0
217,254,4.0
217,651,4.5
217,259,4.0
217,1576,4.5
217,679,5.0
217,50,4.0
217,56,4.5
217,58,4.5
217,61,4.0
217,64,4.5
217,682,4.0
217,68,4.0
217,270,4.5
217,75,4.5
217,80,4.0
217,864,5.0
217,84,4.5
217,200,4.0
217,91,4.0
217,94,4.5
217,100,4.5
217,3776,4.0
217,908,4.0
217,289,4.5
217,1498,4.0
217,2221,4.0
217,121,4.0
217,1169,4.5
217,1600,4.5
217,3511,4.0
217,136,4.0
217,138,4.0
217,139,5.0
217,140,4.5
217,298,4.0
217,150,5.0
217,151,4.0
217,593,4.0
217,877,4.0
217,300,4.5
217,155,5.0
217,3997,4.5
217,3350,4.0
217,163,4.5
217,165,5.0
217,168,4.0
217,666,5.0
217,1730,5.0
217,169,4.5
217,171,5.0
217,176,4.0
217,721,4.5
217,599,4.0
217,925,4.5
217,1121,4.5
217,187,4.5
217,1036,4.0
217,624,4.0
217,1512,4.0
217,319,4.0
217,605,4.5
217,670,5.0
217,475,4.5
217,1252,4.0
217,2108,4.0
217,1438,4.0
217,3016,4.0
217,1302,4.5
217,1039,4.0
217,1517,4.0
217,478,5.0
217,480,4.0
217,3018,4.5
217,731,4.5
217,1254,4.0
217,489,4.5
217,2276,4.0
217,1042,4.5
217,201,4.5
217,2780,5.0
217,1259,4.5
217,491,4.0
217,744,4.5
217,1043,4.0
217,2612,4.5
217,1069,4.0
217,986,4.0
217,495,4.0
217,1772,4.5
217,747,4.5
217,2033,4.0
217,1648,4.5
217,1856,4.0
217,501,4.0
217,674,4.0
217,1774,4.0
217,675,5.0
217,1701,4.0
217,1929,4.0
217,1777,4.0
217,540,4.5
217,1649,4.5
217,1143,4.0
217,3314,4.0
217,759,5.0
217,3998,4.0
217,760,4.5
217,1146,5.0
217,761,4.0
217,3884,4.5
217,2231,4.0
217,1859,4.0
217,3999,4.0
217,4000,4.0
217,203,4.5
217,628,4.5
217,508,4.5
217,1315,4.5
217,1667,5.0
217,1078,4.0
217,1669,4.5
217,998,4.0
217,999,4.0
217,2820,4.0
217,4001,4.0
217,1860,4.0
217,1530,4.0
217,2061,4.5
217,769,4.0
217,1671,4.5
217,1673,4.5
217,1674,5.0
217,4002,4.5
217,771,4.5
217,772,4.0
217,1044,4.0
217,2067,4.0
217,1656,4.5
217,3601,4.5
217,775,4.5
217,4003,4.0
217,204,5.0
217,1000,4.0
217,777,5.0
217,677,4.5
217,1156,4.5
217,3250,4.0
217,1159,5.0
217,4004,5.0
217,1176,4.0
217,4005,4.0
218,0,5.0
218,955,4.0
218,354,4.5
218,333,4.5
218,4,5.0
218,373,5.0
218,460,4.0
218,513,5.0
218,13,5.0
218,339,5.0
218,4006,4.0
218,402,5.0
218,15,4.0
218,16,5.0
218,413,4.5
218,416,4.5
218,21,5.0
218,1771,4.5
218,246,5.0
218,571,5.0
218,26,5.0
218,30,5.0
218,32,4.0
218,443,4.0
218,444,4.0
218,615,5.0
218,256,5.0
218,38,4.5
218,679,5.0
218,654,5.0
218,56,5.0
218,57,4.5
218,58,5.0
218,616,5.0
218,59,5.0
218,61,4.5
218,62,5.0
218,68,4.5
218,70,5.0
218,71,5.0
218,75,5.0
218,1275,5.0
218,1206,4.5
218,864,4.5
218,958,5.0
218,466,5.0
218,200,4.5
218,580,5.0
218,87,5.0
218,468,4.0
218,619,4.5
218,98,4.5
218,100,5.0
218,112,4.0
218,517,4.0
218,124,5.0
218,912,4.0
218,136,5.0
218,139,5.0
218,144,4.0
218,149,4.5
218,150,5.0
218,151,5.0
218,299,5.0
218,300,4.5
218,1386,4.0
218,160,4.0
218,164,4.0
218,168,5.0
218,170,5.0
218,471,5.0
218,174,4.0
218,921,4.0
218,889,4.5
218,622,4.0
218,623,4.0
218,190,4.5
218,601,4.5
218,196,5.0
218,1299,4.5
218,319,4.5
218,605,4.0
218,1301,4.0
218,933,5.0
218,670,5.0
218,475,5.0
218,1965,4.0
218,976,4.5
218,1438,4.5
218,477,4.0
218,329,5.0
218,2643,4.5
218,518,5.0
218,730,4.5
218,947,4.0
218,731,4.0
218,732,4.5
218,483,4.5
218,484,4.5
218,485,4.0
218,487,5.0
218,488,4.5
218,737,5.0
218,489,5.0
218,201,4.5
218,982,4.0
218,742,5.0
218,492,4.5
218,1043,4.0
218,986,5.0
218,987,4.5
218,1646,4.0
218,496,4.5
218,989,4.0
218,747,4.0
218,4007,4.0
218,501,4.5
218,626,4.0
218,540,4.5
218,994,4.0
218,505,4.0
218,506,5.0
218,764,4.0
218,1147,4.0
218,1175,5.0
218,508,4.0
218,1315,4.5
218,1078,4.5
218,1316,4.0
218,2199,5.0
218,1044,4.5
218,1676,4.0
218,4008,4.0
218,204,5.0
218,2130,4.5
218,777,4.5
218,1001,4.0
218,677,5.0
218,4009,4.0
218,1678,4.0
218,698,5.0
219,1047,4.5
219,354,5.0
219,4,4.5
219,335,4.5
219,5,4.5
219,646,5.0
219,370,4.5
219,3438,4.0
219,233,4.5
219,235,4.5
219,339,5.0
219,402,4.0
219,241,4.5
219,702,4.5
219,1217,4.5
219,3888,4.5
219,244,4.5
219,648,5.0
219,849,4.5
219,571,4.5
219,28,4.0
219,30,5.0
219,463,4.5
219,704,4.5
219,248,4.5
219,615,4.5
219,855,5.0
219,253,4.5
219,2747,4.5
219,254,5.0
219,255,4.0
219,256,5.0
219,651,4.5
219,514,5.0
219,35,4.5
219,2143,5.0
219,1751,4.5
219,259,4.0
219,3771,4.5
219,1710,4.0
219,1162,5.0
219,1576,4.5
219,2145,5.0
219,261,4.0
219,858,5.0
219,49,4.5
219,263,4.5
219,50,4.5
219,51,4.5
219,264,4.0
219,1205,5.0
219,1697,4.0
219,55,4.0
219,2111,4.0
219,1577,4.5
219,2214,4.5
219,654,5.0
219,57,4.5
219,655,5.0
219,616,5.0
219,681,4.0
219,267,4.5
219,59,4.5
219,656,5.0
219,60,5.0
219,706,5.0
219,62,4.5
219,63,5.0
219,268,4.5
219,64,4.5
219,65,4.5
219,66,5.0
219,269,5.0
219,1053,4.0
219,1580,4.5
219,708,5.0
219,659,4.5
219,660,4.0
219,1714,4.5
219,685,5.0
219,271,5.0
219,661,4.5
219,686,5.0
219,70,4.0
219,272,4.5
219,663,4.0
219,859,4.5
219,664,4.5
219,73,5.0
219,273,4.5
219,1056,4.5
219,1097,4.0
219,274,4.5
219,2311,4.5
219,1700,4.0
219,665,5.0
219,2570,4.0
219,1484,4.0
219,1275,4.0
219,1194,4.0
219,1276,5.0
219,275,5.0
219,276,4.0
219,84,5.0
219,1233,4.5
219,516,4.0
219,1058,5.0
219,280,4.5
219,283,4.0
219,584,4.0
219,93,5.0
219,1758,4.5
219,1168,4.5
219,1589,4.0
219,1719,4.0
219,469,5.0
219,1367,4.0
219,3147,5.0
219,4010,4.0
219,289,4.0
219,1597,4.0
219,2654,5.0
219,517,4.5
219,1169,4.5
219,1600,4.5
219,3647,4.0
219,1375,4.0
219,718,4.5
219,4011,4.5
219,136,4.0
219,297,5.0
219,1060,4.0
219,149,4.0
219,1382,4.5
219,155,5.0
219,1390,4.5
219,1886,4.5
219,879,4.0
219,303,4.0
219,719,4.5
219,163,5.0
219,3876,5.0
219,168,4.5
219,1103,4.5
219,689,4.0
219,3786,4.5
219,2153,4.5
219,4012,5.0
219,4013,4.5
219,2116,5.0
219,2154,4.0
219,1119,4.5
219,1735,4.5
219,1283,5.0
219,1769,4.5
219,1737,4.5
219,182,4.0
219,2326,5.0
219,1284,4.0
219,1765,4.0
219,1766,4.5
219,1742,4.0
219,4014,4.5
219,190,4.5
219,691,4.5
219,668,4.0
219,1559,4.0
219,2156,4.5
219,1622,4.5
219,317,4.5
219,1036,5.0
219,3861,5.0
219,319,4.5
219,1415,4.0
219,933,4.0
219,934,4.0
219,322,4.5
219,3678,4.5
219,725,4.0
219,4015,4.5
219,3686,4.0
219,3334,4.5
219,4016,4.5
219,3209,4.0
219,3691,4.5
219,3692,4.0
219,1560,4.0
219,671,5.0
219,728,4.0
219,199,4.5
219,1897,4.0
219,1899,4.5
219,1041,5.0
219,524,4.0
219,3004,4.5
219,1903,4.5
219,693,5.0
219,4017,5.0
219,737,4.0
219,3397,5.0
219,4018,4.5
219,2172,4.0
219,4019,4.0
219,3515,4.0
219,4020,4.0
219,1042,5.0
219,4021,4.0
219,1770,5.0
219,2176,4.0
219,741,4.0
219,4022,5.0
219,4023,4.0
219,4024,4.5
219,4025,4.0
219,3399,4.0
219,4026,4.5
219,4027,4.5
219,744,4.0
219,4028,4.0
219,4029,4.0
219,1918,4.0
219,4030,4.5
219,3477,4.5
219,1069,4.5
219,1646,4.5
219,1921,4.0
219,2789,4.5
219,1922,4.0
219,1647,4.0
219,1924,4.5
219,1773,4.0
219,499,5.0
219,4031,5.0
219,4032,4.0
219,4033,4.5
219,4034,4.0
219,4035,5.0
219,2804,4.5
219,4036,4.5
219,675,4.5
219,4037,4.5
219,4038,4.0
219,2807,4.5
219,3826,5.0
219,4039,4.5
219,3829,4.5
219,1928,4.0
219,2207,4.0
219,4040,4.5
219,4041,4.0
219,697,4.5
219,4042,4.0
219,4043,4.0
219,4044,4.5
219,4045,4.5
220,3,4.0
220,6,4.0
220,339,4.0
220,1268,4.0
220,16,4.0
220,615,4.5
220,50,4.0
220,2568,4.0
220,58,4.0
220,59,4.0
220,62,4.0
220,64,5.0
220,682,4.5
220,65,4.0
220,71,4.5
220,73,4.0
220,1235,4.0
220,715,4.0
220,2695,4.0
220,139,4.0
220,151,4.0
220,1397,4.0
220,889,4.0
220,187,4.5
220,1412,4.0
220,972,4.0
220,1299,4.0
220,932,4.0
220,324,4.5
220,1302,4.5
220,478,4.0
220,479,4.0
220,480,4.5
220,525,4.0
220,485,4.5
220,1305,4.0
220,490,4.0
220,201,4.0
220,491,4.0
220,2030,4.0
220,1043,4.0
220,495,4.0
220,749,4.0
220,4046,4.0
220,1777,4.0
220,1311,4.0
220,760,4.0
220,203,4.5
220,629,4.0
220,2074,4.5
220,1790,4.0
220,4047,4.0
220,206,4.5
220,1680,4.5
220,3040,4.5
220,699,4.0
220,4048,4.0
220,1540,4.5
220,2247,4.0
220,805,4.0
220,551,4.5
220,2866,4.5
220,810,4.0
220,812,4.0
220,813,4.5
220,2878,4.0
220,213,5.0
221,402,4.5
221,2008,4.0
221,3577,4.5
221,873,4.0
221,299,4.5
221,196,4.0
221,670,4.0
221,475,4.0
221,477,4.0
221,329,4.0
221,671,5.0
221,730,4.0
221,481,4.0
221,672,4.0
221,1909,4.0
221,986,4.0
221,1647,5.0
221,501,4.5
221,1777,4.0
221,540,4.0
221,676,5.0
221,203,4.0
221,204,4.5
222,585,5.0
222,4049,5.0
222,16,5.0
222,415,4.0
222,420,4.0
222,22,5.0
222,28,4.0
222,615,4.0
222,1162,4.0
222,57,5.0
222,271,5.0
222,70,5.0
222,71,5.0
222,1352,5.0
222,1206,5.0
222,1276,5.0
222,580,5.0
222,285,5.0
222,100,5.0
222,906,4.0
222,1099,5.0
222,3146,5.0
222,2008,5.0
222,288,5.0
222,119,5.0
222,1597,5.0
222,873,4.0
222,151,4.0
222,300,5.0
222,1386,5.0
222,153,5.0
222,918,5.0
222,1393,5.0
222,879,5.0
222,305,5.0
222,1887,5.0
222,667,4.0
222,1399,4.0
222,1406,5.0
222,887,5.0
222,1407,4.0
222,3869,4.0
222,4050,5.0
222,1411,5.0
222,594,5.0
222,1299,5.0
223,1702,5.0
223,368,5.0
223,513,5.0
223,11,5.0
223,14,5.0
223,1109,4.0
223,1295,4.0
223,246,4.0
223,1479,5.0
223,47,4.0
223,858,4.0
223,56,4.0
223,57,4.0
223,63,4.0
223,271,5.0
223,71,4.0
223,860,4.0
223,2570,4.0
223,3140,4.0
223,1275,5.0
223,1485,4.0
223,277,4.0
223,1491,4.0
223,282,5.0
223,584,4.0
223,4051,4.0
223,2575,5.0
223,4052,4.0
223,1277,4.0
223,96,4.0
223,618,4.0
223,619,4.0
223,1597,4.0
223,1372,4.0
223,4053,5.0
223,872,4.0
223,873,5.0
223,874,4.0
223,1604,4.0
223,1605,4.0
223,4054,4.0
223,151,4.0
223,300,4.0
223,153,5.0
223,1393,4.0
223,171,4.0
223,176,4.0
224,955,4.0
224,349,4.5
224,354,4.0
224,3,5.0
224,1702,4.0
224,368,5.0
224,369,4.0
224,373,4.5
224,1445,4.0
224,568,5.0
224,701,5.0
224,10,5.0
224,513,5.0
224,11,5.0
224,13,4.5
224,339,4.5
224,14,4.0
224,1268,4.5
224,16,4.0
224,242,4.0
224,1458,4.0
224,19,4.5
224,21,4.0
224,428,4.0
224,1463,4.0
224,570,4.0
224,23,4.0
224,1771,4.0
224,246,4.0
224,571,4.0
224,30,4.5
224,31,4.0
224,1269,5.0
224,32,4.0
224,1188,4.0
224,1479,4.0
224,41,4.0
224,48,5.0
224,53,4.0
224,55,5.0
224,654,4.0
224,56,5.0
224,57,4.5
224,58,4.0
224,59,4.0
224,656,4.0
224,61,5.0
224,64,4.0
224,65,5.0
224,658,4.0
224,4055,4.0
224,68,4.0
224,709,4.0
224,659,4.0
224,1581,4.5
224,685,4.0
224,271,4.0
224,1096,4.5
224,70,4.0
224,71,4.0
224,664,4.5
224,73,4.0
224,274,4.5
224,75,4.5
224,710,4.0
224,1276,4.0
224,1485,4.0
224,80,4.0
224,864,4.5
224,576,4.0
224,4056,4.0
224,1364,4.0
224,200,4.0
224,87,5.0
224,1491,4.0
224,284,4.0
224,715,4.0
224,285,4.0
224,97,5.0
224,619,4.0
224,104,4.0
224,3776,4.0
224,112,4.0
224,4057,4.0
224,115,4.0
224,2008,4.0
224,288,4.0
224,118,4.5
224,119,4.0
224,120,4.0
224,1498,4.0
224,121,4.5
224,124,4.5
224,129,4.0
224,3511,4.0
224,874,4.5
224,136,5.0
224,3780,4.0
224,139,4.0
224,141,4.0
224,470,4.0
224,298,4.0
224,151,4.0
224,1386,4.0
224,153,4.0
224,918,4.5
224,155,4.0
224,1393,4.0
224,158,4.0
224,879,4.5
224,163,4.0
224,4058,4.5
224,168,4.0
224,169,5.0
224,170,4.0
224,689,4.0
224,171,4.5
224,2697,4.0
224,1394,4.0
224,308,4.0
224,1399,4.0
224,176,5.0
224,1508,4.0
224,1956,4.0
224,721,4.5
224,1120,4.5
224,178,4.0
224,889,4.5
224,925,4.0
224,183,4.0
224,1284,4.0
224,1121,4.5
224,187,4.0
224,4059,5.0
224,190,5.0
224,192,4.0
224,197,4.5
224,317,4.5
224,1036,4.0
224,473,4.0
224,1299,4.0
224,2769,4.0
224,605,4.5
224,933,4.0
224,1420,4.0
224,2157,4.5
224,4060,4.0
224,4061,4.0
224,324,4.0
224,725,4.5
224,475,4.0
224,3333,4.0
224,975,4.0
224,4062,4.0
224,692,5.0
224,1438,4.0
224,1516,4.5
224,477,4.0
224,478,4.5
224,2281,4.0
224,939,4.0
224,1895,4.0
224,479,4.0
224,480,4.5
224,944,4.0
224,3018,5.0
224,518,4.0
224,2647,4.0
224,730,4.0
224,1303,4.0
224,731,4.0
224,732,4.0
224,521,4.0
224,1522,4.0
224,2601,5.0
224,1074,4.0
224,1075,4.0
224,1552,4.5
224,484,4.0
224,525,4.0
224,485,4.5
224,4063,4.0
224,1904,5.0
224,1639,4.0
224,737,4.0
224,1254,4.0
224,1171,4.0
224,489,4.5
224,4064,4.0
224,1641,4.0
224,1042,4.5
224,1770,4.0
224,741,4.5
224,1982,4.0
224,4065,4.0
224,531,4.0
224,491,4.0
224,742,4.5
224,492,4.5
224,3400,4.0
224,1308,4.0
224,2030,4.0
224,1915,4.0
224,744,4.5
224,986,4.0
224,987,4.0
224,1919,4.5
224,495,4.0
224,496,4.0
224,1772,4.0
224,1647,4.5
224,2033,4.0
224,1648,4.0
224,499,4.0
224,1309,4.0
224,4039,4.5
224,752,4.0
224,1928,4.5
224,1310,4.0
224,626,4.0
224,540,4.5
224,1076,4.0
224,4066,4.0
224,755,4.0
224,2814,4.0
224,3314,4.0
224,994,4.0
224,1779,4.0
224,1146,4.5
224,4067,4.0
224,2818,4.0
224,1859,4.0
224,1313,5.0
224,203,4.5
224,628,4.0
224,4068,4.0
224,1667,4.5
224,1654,4.5
224,2060,4.0
224,1655,4.0
224,1316,4.0
224,1671,4.5
224,1674,4.0
224,772,4.0
224,773,5.0
224,1044,5.0
224,1151,4.0
224,774,4.0
224,778,4.0
225,354,4.5
225,3,5.0
225,373,4.0
225,235,4.0
225,339,4.5
225,402,4.0
225,16,5.0
225,20,4.0
225,22,4.0
225,28,4.5
225,463,4.5
225,704,5.0
225,615,4.5
225,34,4.0
225,56,4.0
225,1235,4.0
225,584,4.5
225,715,4.5
225,873,4.0
225,139,4.5
225,163,5.0
225,737,4.5
225,201,4.0
225,742,5.0
225,2180,4.5
225,2784,5.0
225,2789,4.0
225,1924,4.5
225,1773,4.5
225,3826,4.0
225,1141,5.0
225,2207,4.0
225,1777,4.0
225,754,4.5
225,4069,4.0
225,541,4.5
225,1313,4.5
225,1077,5.0
225,1554,4.0
225,1664,5.0
225,1175,4.5
225,3211,4.0
225,769,4.5
225,2822,5.0
225,1044,4.0
225,1656,4.5
225,1045,4.5
225,4070,4.0
225,204,4.5
225,777,4.5
225,1154,4.5
225,4071,4.0
225,1159,4.5
225,782,4.0
225,1080,5.0
225,210,4.0
225,632,5.0
225,4072,5.0
225,801,4.5
225,551,4.0
225,1806,4.0
225,2866,4.5
225,1183,4.0
225,813,4.0
225,814,4.0
225,2878,4.0
225,637,4.0
225,2716,4.0
225,213,5.0
225,819,5.0
225,639,4.0
225,825,4.0
225,826,4.5
225,3195,4.0
225,215,4.0
225,642,4.5
225,643,4.5
226,4,4.5
226,13,4.5
226,402,4.0
226,648,4.0
226,615,4.0
226,56,4.0
226,63,4.5
226,1353,4.0
226,597,4.5
226,3774,4.0
226,139,4.5
226,4073,4.0
226,2010,4.0
226,4074,4.0
226,623,4.0
226,677,4.0
227,0,5.0
227,955,4.0
227,332,4.0
227,333,5.0
227,334,4.0
227,6,5.0
227,370,4.0
227,373,5.0
227,509,4.0
227,382,4.0
227,384,5.0
227,385,4.0
227,237,4.0
227,609,4.0
227,610,4.0
227,338,4.0
227,339,5.0
227,402,5.0
227,403,4.0
227,239,4.0
227,240,4.0
227,15,4.0
227,16,4.0
227,512,4.0
227,413,4.0
227,415,4.0
227,416,4.0
227,420,4.0
227,422,4.0
227,20,5.0
227,243,4.0
227,427,4.0
227,428,4.0
227,22,4.0
227,614,4.0
227,571,5.0
227,28,4.0
227,462,4.0
227,443,4.0
228,511,4.0
228,434,4.0
228,443,4.0
228,46,4.0
228,4075,4.0
228,864,5.0
228,1600,4.0
228,1299,4.5
228,1301,4.0
228,476,4.0
228,518,4.0
228,730,4.0
228,979,4.0
228,1523,4.0
228,488,4.0
228,737,4.5
228,1171,4.0
228,489,5.0
228,982,4.5
228,496,4.0
228,989,4.5
228,993,4.5
228,540,4.5
228,2229,4.5
228,1311,4.5
228,1076,4.0
228,1779,4.5
228,1780,4.0
228,764,5.0
228,1530,5.0
228,1316,4.5
228,4076,4.5
229,13,4.0
229,339,4.0
229,571,5.0
229,28,4.0
229,615,4.0
229,679,5.0
229,58,4.0
229,616,5.0
229,63,4.0
229,68,4.0
229,71,4.0
229,75,4.0
229,139,5.0
229,155,4.0
229,769,4.0
229,204,5.0
229,1159,5.0
230,344,4.0
230,3,4.5
230,6,4.5
230,373,4.5
230,13,4.5
230,339,5.0
230,4006,4.0
230,402,5.0
230,16,4.0
230,427,4.0
230,22,4.5
230,570,4.0
230,571,4.0
230,615,4.0
230,34,4.0
230,1162,4.0
230,679,4.5
230,48,4.0
230,53,4.0
230,56,4.5
230,57,4.0
230,58,4.5
230,61,5.0
230,68,4.5
230,70,4.0
230,1235,4.5
230,580,4.5
230,468,4.5
230,94,4.0
230,715,4.0
230,1277,4.5
230,100,5.0
230,121,4.0
230,124,5.0
230,1500,4.0
230,139,4.5
230,143,4.0
230,299,5.0
230,1505,4.0
230,163,4.5
230,174,5.0
230,3368,4.5
230,721,4.5
230,1121,4.0
230,187,5.0
230,601,4.5
230,196,4.0
230,317,4.0
230,473,4.5
230,1299,4.0
230,624,4.5
230,2768,4.0
230,1301,4.0
230,606,4.5
230,670,5.0
230,475,4.0
230,937,4.5
230,1852,4.0
230,625,4.0
230,1894,4.5
230,1302,4.0
230,2109,4.0
230,477,4.0
230,478,4.0
230,480,4.0
230,1073,4.0
230,1533,4.0
230,1126,5.0
230,3389,4.0
230,730,4.5
230,947,4.0
230,3706,4.0
230,3540,4.0
230,731,4.0
230,481,4.5
230,1523,4.0
230,1525,4.0
230,1902,4.0
230,3544,4.0
230,484,4.0
230,525,4.5
230,485,4.0
230,486,4.0
230,735,4.5
230,4077,4.0
230,1904,4.0
230,4078,4.0
230,953,4.0
230,488,4.0
230,737,4.0
230,1127,4.0
230,489,4.5
230,1641,4.0
230,490,4.0
230,4079,4.0
230,2280,4.0
230,1259,4.0
230,742,4.0
230,492,4.0
230,743,4.0
230,3400,4.5
230,1308,4.0
230,2783,4.0
230,744,4.0
230,1260,4.0
230,536,5.0
230,495,4.0
230,537,5.0
230,1920,4.0
230,496,4.0
230,989,4.5
230,747,4.5
230,497,4.5
230,2033,4.0
230,500,4.5
230,749,4.0
230,501,4.0
230,2036,4.0
230,990,4.0
230,1140,4.5
230,1141,4.0
230,753,4.0
230,1777,4.5
230,1778,4.0
230,1310,4.5
230,626,4.0
230,1142,4.0
230,993,4.0
230,540,4.5
230,1311,4.0
230,503,4.0
230,3594,4.0
230,2208,4.0
230,3176,4.5
230,4080,4.0
230,541,4.0
230,4081,4.0
230,1780,4.5
230,760,5.0
230,1146,4.0
230,1313,4.0
230,1554,4.0
230,203,4.5
230,1664,4.0
230,1175,4.0
230,628,4.5
230,1149,4.0
230,4082,4.0
230,2054,4.0
230,1315,4.0
230,767,4.0
230,1078,5.0
230,1536,4.0
230,2233,4.0
230,1654,4.0
230,2660,4.0
230,4001,4.0
230,2061,4.0
230,769,4.0
230,1671,4.0
230,1674,4.0
230,771,4.0
230,773,4.0
230,2662,4.5
230,1656,4.5
230,774,4.5
230,2129,4.0
230,204,5.0
230,1000,4.5
230,2070,4.5
230,777,4.5
230,4083,4.0
230,1156,4.5
230,2132,4.0
230,4084,4.0
230,4085,4.0
230,1678,4.0
230,2071,4.0
230,2831,4.0
230,2073,4.0
230,3037,4.0
230,4086,4.0
230,629,4.5
230,4087,4.0
230,1160,4.0
230,1079,4.0
230,2287,4.0
230,4088,4.0
230,3215,4.0
230,3609,4.0
230,1791,4.0
230,4089,4.0
230,206,4.5
230,698,5.0
230,1161,4.0
230,545,4.5
230,1680,4.0
230,1681,4.5
230,786,4.0
230,630,5.0
230,4090,4.0
230,4091,4.0
230,1682,4.0
230,4092,4.0
230,1081,4.0
230,2087,4.0
230,1539,4.0
230,789,4.0
230,794,4.5
230,2400,4.0
230,678,5.0
230,208,5.0
230,4093,4.0
230,796,4.0
230,4094,4.0
230,2136,5.0
230,797,4.0
230,700,4.5
231,4,4.0
231,339,4.0
231,402,5.0
231,16,5.0
231,22,4.0
231,28,4.5
231,30,4.0
231,615,4.0
231,59,4.0
231,685,4.0
231,76,4.0
231,87,4.0
231,100,4.0
231,716,4.0
231,124,4.0
231,139,4.5
231,163,4.0
231,168,4.0
231,720,4.0
231,174,4.0
231,624,4.5
231,475,4.0
231,671,4.0
231,479,4.0
231,731,4.0
231,484,4.0
231,1903,4.0
231,735,4.0
231,737,4.0
231,492,4.0
231,744,5.0
231,2784,4.0
231,203,4.0
231,204,4.5
231,677,4.0
231,207,4.0
231,1544,4.0
231,2891,4.0
231,643,4.5
231,2950,4.0
231,2961,4.0
231,846,5.0
232,0,5.0
232,352,5.0
232,4095,4.0
232,895,5.0
232,359,4.0
232,1445,5.0
232,374,5.0
232,13,5.0
232,401,5.0
232,409,4.0
232,413,5.0
232,415,4.0
232,21,5.0
232,2565,4.0
232,3991,4.0
232,25,5.0
232,246,5.0
232,26,4.0
232,27,4.0
232,342,5.0
232,1271,4.0
232,462,4.0
232,4096,4.0
232,443,5.0
232,1472,4.0
232,4097,4.0
232,34,4.0
232,2634,5.0
232,897,4.0
232,900,4.0
232,4098,4.0
232,679,4.0
232,48,4.0
232,53,5.0
232,56,5.0
232,58,4.0
232,616,4.0
232,61,5.0
232,63,5.0
232,271,4.0
232,72,4.0
232,2625,4.0
232,2626,5.0
232,1354,4.0
232,1194,4.0
232,1207,5.0
232,1358,4.0
232,865,5.0
232,82,4.0
232,958,4.0
232,1550,4.0
232,581,4.0
232,528,5.0
232,96,4.0
232,97,4.0
232,4099,5.0
232,4100,5.0
232,104,4.0
232,906,5.0
232,869,5.0
232,2692,4.0
232,910,4.0
232,107,4.0
232,114,4.0
232,870,4.0
232,116,5.0
232,118,5.0
232,1498,4.0
232,4101,4.0
232,912,5.0
232,4102,4.0
232,129,4.0
232,139,5.0
232,1607,4.0
232,1248,4.0
232,144,5.0
232,914,5.0
232,1503,5.0
232,4103,5.0
232,152,5.0
232,164,4.0
232,165,5.0
232,471,5.0
232,885,4.0
232,309,4.0
232,2681,5.0
232,888,4.0
232,2639,4.0
232,4104,4.0
232,185,4.0
232,600,5.0
232,4105,4.0
232,3910,4.0
232,196,4.0
232,1250,4.0
232,4106,4.0
232,1301,4.0
232,1963,4.0
232,670,4.0
232,3791,4.0
232,475,5.0
232,1427,4.0
232,4107,4.0
232,692,4.0
232,977,4.0
233,347,4.0
233,332,4.0
233,607,5.0
233,354,4.0
233,333,4.0
233,334,4.0
233,361,5.0
233,6,4.0
233,373,5.0
233,513,4.0
233,12,4.0
233,1201,4.0
233,237,4.0
233,339,4.0
233,1265,5.0
233,402,4.0
233,241,4.0
233,16,5.0
233,512,4.0
233,413,5.0
233,415,5.0
233,416,4.0
233,420,4.0
233,20,4.0
233,21,4.0
233,427,4.0
233,428,4.0
233,22,5.0
233,614,4.0
233,246,4.0
233,571,4.0
233,26,4.0
233,28,5.0
233,342,4.0
233,343,5.0
233,434,4.0
233,443,4.0
233,444,5.0
234,63,5.0
234,73,5.0
234,1584,4.0
234,1275,5.0
234,1699,5.0
234,1589,5.0
234,3014,5.0
234,132,4.0
234,1115,5.0
234,136,4.0
234,1378,4.0
234,138,5.0
234,590,5.0
234,140,5.0
234,141,5.0
234,914,4.0
234,298,5.0
234,1725,5.0
234,4108,5.0
234,155,5.0
234,171,5.0
235,354,5.0
235,647,4.0
235,402,4.5
235,654,4.5
235,267,4.0
235,958,4.5
235,86,4.5
235,714,4.0
235,139,4.0
235,744,4.0
235,754,4.0
235,760,4.0
235,1146,4.0
236,9,4.0
236,52,4.0
236,682,4.0
236,1165,5.0
236,578,4.0
236,1033,4.0
236,1367,5.0
236,1720,5.0
236,4109,4.0
236,1952,4.0
236,315,4.0
236,3909,4.0
236,4110,5.0
236,1108,4.0
236,1628,4.0
236,4111,4.0
236,937,4.0
236,4112,4.0
236,4113,4.0
236,1965,4.0
236,4114,4.0
236,1039,4.0
236,1072,4.0
236,1517,4.0
236,4115,4.0
236,4116,4.0
236,4117,4.0
236,4118,4.0
236,4119,5.0
236,1518,4.0
237,0,4.0
237,2,5.0
237,347,5.0
237,349,4.5
237,332,4.0
237,354,5.0
237,3,5.0
237,4,4.5
237,6,4.5
237,9,4.5
237,13,5.0
237,610,5.0
237,396,4.0
237,647,4.5
237,339,5.0
237,400,4.0
237,402,5.0
237,15,4.5
237,16,5.0
237,413,4.0
237,420,4.0
237,422,4.0
237,20,4.0
237,243,5.0
237,21,4.0
237,614,4.0
237,648,4.0
237,246,4.0
237,26,4.0
237,434,4.0
237,30,4.5
237,462,4.0
237,32,4.0
237,704,4.5
237,444,4.0
237,446,4.0
237,615,5.0
237,464,4.0
237,679,4.0
237,49,4.0
237,50,5.0
237,51,4.5
237,55,5.0
237,654,4.0
237,56,5.0
237,57,4.5
237,58,4.0
237,616,4.0
237,59,5.0
237,60,5.0
237,61,5.0
237,62,5.0
237,63,4.0
237,682,5.0
237,65,5.0
237,68,4.0
237,709,4.0
237,271,4.5
237,272,4.5
237,75,4.5
237,276,4.0
237,864,4.5
237,958,4.0
237,466,4.0
237,467,4.0
237,86,4.5
237,1362,4.0
237,617,5.0
237,1364,4.5
237,1490,4.0
237,1235,4.0
237,200,5.0
237,468,4.0
237,584,4.0
237,715,4.5
237,619,4.0
237,1367,4.0
237,100,5.0
237,102,4.0
237,112,4.5
237,116,4.0
237,1594,4.0
237,688,4.0
237,1498,4.5
237,121,5.0
237,1371,4.5
237,1600,4.5
237,124,5.0
237,961,4.5
237,136,5.0
237,138,5.0
237,139,5.0
237,963,4.0
237,151,4.0
237,878,4.5
237,153,4.0
237,155,5.0
237,4120,4.0
237,1391,4.0
237,879,4.0
237,159,4.0
237,163,5.0
237,171,4.0
237,174,4.5
237,721,5.0
237,314,4.5
237,182,4.0
237,187,4.5
237,968,4.0
237,196,4.5
237,1627,4.5
237,1416,4.0
237,605,5.0
237,3872,4.0
237,1123,5.0
237,725,4.5
237,475,4.0
237,692,4.0
237,1894,4.0
237,1124,4.0
237,2110,4.5
237,477,4.5
237,329,4.0
237,478,4.0
237,479,5.0
237,1125,4.5
237,518,4.0
237,945,4.0
237,730,4.5
237,731,5.0
237,481,4.0
237,1041,4.5
237,672,4.5
237,483,4.0
237,1552,5.0
237,484,5.0
237,485,4.0
237,487,4.0
237,488,5.0
237,737,4.5
237,1254,4.0
237,1171,5.0
237,489,4.0
237,1770,4.5
237,740,4.0
237,741,4.5
237,201,4.0
237,982,5.0
237,491,5.0
237,492,5.0
237,1043,4.0
237,493,4.5
237,1135,5.0
237,986,4.0
237,2226,4.0
237,987,4.0
237,988,4.5
237,1920,4.0
237,496,4.0
237,989,4.5
237,747,5.0
237,497,4.0
237,748,4.5
237,501,4.5
237,502,4.0
237,1777,4.0
237,993,4.0
237,540,4.5
237,1143,4.5
237,1076,5.0
237,754,4.0
237,759,4.0
237,994,4.0
237,1779,4.0
237,760,4.5
237,761,4.5
237,763,5.0
237,505,4.5
237,3596,4.0
237,1077,4.5
237,1663,5.0
237,203,4.5
237,628,4.0
237,1149,4.0
237,1315,4.0
237,1078,4.0
237,998,4.0
237,999,4.5
237,4001,4.0
237,1530,4.0
237,1655,4.0
237,2061,4.0
237,769,5.0
237,1671,4.0
237,1674,5.0
237,773,4.5
237,1044,5.0
237,204,4.5
237,777,4.5
238,0,5.0
238,344,5.0
238,1,4.0
238,1475,5.0
238,1285,4.0
238,333,5.0
238,585,5.0
238,4121,4.0
238,359,4.0
238,367,5.0
238,368,5.0
238,6,5.0
238,4122,4.0
238,373,4.0
238,374,4.0
238,375,4.0
238,1270,4.0
238,460,5.0
238,376,5.0
238,1288,5.0
238,1446,5.0
238,509,4.0
238,3165,4.0
238,4123,4.0
238,1448,4.0
238,10,5.0
238,382,4.0
238,1336,4.0
238,11,4.0
238,386,5.0
238,511,5.0
238,4124,5.0
238,586,4.0
238,3338,5.0
238,4125,4.0
238,393,5.0
238,396,5.0
238,400,4.0
238,401,5.0
238,4126,5.0
238,14,5.0
238,4127,5.0
238,1268,5.0
238,16,5.0
238,413,4.0
238,4128,4.0
238,18,4.0
238,242,5.0
238,414,5.0
238,415,5.0
238,612,5.0
238,1692,4.0
238,1458,4.0
238,418,5.0
238,461,4.0
238,21,4.0
238,2565,4.0
238,427,5.0
238,430,5.0
238,2301,5.0
238,570,4.0
238,341,4.0
238,431,5.0
238,849,4.0
238,25,5.0
238,246,4.0
238,571,4.0
238,26,4.0
238,438,4.0
238,1548,5.0
238,3405,5.0
238,443,5.0
238,444,5.0
238,1346,5.0
238,1466,4.0
238,48,5.0
238,710,5.0
238,2625,5.0
239,3,4.0
239,4,4.0
239,235,5.0
239,339,4.5
239,28,4.5
239,615,4.5
239,654,4.5
239,59,4.0
239,682,4.0
239,716,4.5
239,139,4.0
239,307,4.0
239,2324,5.0
239,671,5.0
239,1075,4.0
239,4129,4.0
239,4130,4.0
239,1905,4.0
239,744,4.0
239,2784,5.0
239,2789,5.0
239,3319,4.5
239,1309,4.0
239,2805,4.5
239,3837,4.0
239,541,4.0
239,760,4.0
239,4131,4.5
239,1313,4.5
239,2285,4.0
239,2829,4.5
239,206,4.5
239,788,4.5
239,4132,4.0
239,2710,4.0
239,2851,4.5
239,552,4.5
239,634,4.5
239,812,4.0
239,2870,5.0
239,636,4.5
239,560,4.0
239,2880,5.0
239,2891,4.5
239,2892,4.5
239,214,4.5
239,823,4.0
239,1330,4.5
239,1331,4.5
240,354,5.0
240,3,5.0
240,646,4.0
240,1270,4.0
240,1448,4.0
240,382,4.0
240,511,5.0
240,339,5.0
240,1265,5.0
240,402,4.0
240,416,4.0
240,418,4.0
240,419,4.0
240,20,5.0
240,28,5.0
241,955,5.0
241,334,4.0
241,4121,4.0
241,895,4.0
241,361,5.0
241,369,5.0
241,371,4.0
241,1445,4.0
241,1270,5.0
241,460,5.0
241,1288,5.0
241,1447,5.0
241,1336,5.0
241,386,4.0
241,409,5.0
241,16,4.0
241,415,5.0
241,1456,4.0
241,1458,4.0
241,419,5.0
241,1342,4.0
241,461,5.0
241,1463,5.0
241,571,4.0
241,462,5.0
241,443,5.0
242,2,5.0
242,955,5.0
242,6,5.0
242,7,5.0
242,15,4.0
242,16,5.0
242,242,5.0
242,415,4.0
242,416,4.0
242,4133,4.0
242,20,5.0
242,648,4.0
242,4134,4.0
242,703,4.0
242,571,4.0
242,28,4.0
242,462,4.0
242,1704,4.0
242,46,4.0
242,858,5.0
242,51,5.0
242,56,4.0
242,57,5.0
242,616,5.0
242,1273,4.0
242,269,5.0
242,683,4.0
242,1053,5.0
242,1164,5.0
242,71,5.0
242,274,5.0
242,1700,4.0
242,710,5.0
242,1483,4.0
242,2626,4.0
242,573,5.0
242,1754,4.0
242,864,4.0
242,958,4.0
242,575,4.0
242,576,4.0
242,467,5.0
242,3327,4.0
242,3640,5.0
242,3362,5.0
242,100,5.0
242,1115,5.0
242,139,4.0
242,151,5.0
242,300,5.0
242,153,4.0
242,4135,5.0
242,967,5.0
242,4012,5.0
242,4136,5.0
242,1401,4.0
242,599,4.0
242,1407,5.0
242,187,5.0
242,192,4.0
242,928,4.0
242,1747,5.0
243,1201,4.0
243,2214,4.0
243,471,4.0
244,350,5.0
244,1211,4.5
244,1047,5.0
244,4,4.5
244,4137,5.0
244,9,4.5
244,12,4.0
244,13,5.0
244,647,4.0
244,339,4.0
244,512,5.0
244,1456,5.0
244,648,5.0
244,571,5.0
244,436,4.0
244,2746,5.0
244,4138,4.0
244,449,4.0
244,255,4.5
244,56,5.0
244,61,5.0
244,68,4.5
244,1579,5.0
244,709,4.0
244,76,4.0
244,1583,4.0
244,864,4.0
244,86,5.0
244,1362,4.0
244,2320,4.0
244,2325,4.0
244,1759,4.5
244,102,4.0
244,1496,5.0
244,3647,5.0
244,873,4.5
244,139,5.0
244,2991,4.5
244,470,4.5
244,1388,4.0
244,158,4.0
244,163,4.0
244,4139,4.0
244,720,5.0
244,667,4.0
244,604,5.0
244,319,4.5
244,605,4.5
244,1892,5.0
244,670,5.0
244,325,4.0
244,2658,4.5
244,625,5.0
244,1039,5.0
244,2700,4.0
244,477,4.5
244,329,4.0
244,4140,5.0
244,478,4.5
244,671,4.0
244,479,5.0
244,941,5.0
244,4141,5.0
244,482,5.0
244,3711,5.0
244,524,4.5
244,484,5.0
244,673,5.0
244,694,4.5
244,488,4.5
244,737,5.0
244,489,5.0
244,1256,4.0
244,1065,4.0
244,201,4.5
244,982,5.0
244,531,5.0
244,2780,4.0
244,1259,5.0
244,695,4.5
244,742,5.0
244,492,5.0
244,744,5.0
244,1991,4.5
244,1043,5.0
244,4142,5.0
244,2282,5.0
244,3240,4.0
244,4143,4.0
244,2036,4.0
244,4144,4.0
244,502,4.0
244,2800,4.5
244,3823,5.0
244,1925,4.5
244,4145,5.0
244,752,4.0
244,697,5.0
244,1929,5.0
244,1777,4.5
244,992,4.5
244,994,4.0
244,760,5.0
244,763,4.5
244,506,4.0
244,764,4.5
244,4146,4.5
244,676,4.0
244,508,5.0
244,3839,4.5
244,4147,5.0
244,998,4.5
244,1044,4.5
244,775,4.5
244,777,4.0
244,3214,5.0
244,778,5.0
244,677,5.0
244,1156,5.0
244,4148,5.0
244,3250,5.0
244,3931,4.5
244,1679,4.5
244,3608,5.0
244,4149,5.0
244,206,5.0
244,1177,4.5
244,4150,5.0
244,545,5.0
244,1681,5.0
244,2321,4.5
244,1080,4.5
244,1682,4.5
244,3612,5.0
244,789,4.0
244,4151,4.5
244,1795,4.0
244,208,5.0
244,699,4.0
244,4152,4.0
244,4153,4.0
244,2136,4.5
244,549,5.0
244,1684,5.0
244,1006,4.0
244,4154,4.0
244,4155,4.0
244,2409,5.0
244,633,4.0
244,1800,4.0
244,2848,5.0
244,1801,4.0
244,1802,4.0
244,4156,5.0
244,1178,4.0
244,803,4.0
244,1867,5.0
244,3932,4.5
244,4157,5.0
244,806,4.5
244,4158,4.5
244,1011,4.0
244,3182,4.5
244,554,4.0
244,556,4.5
245,0,5.0
245,3,4.0
245,4,5.0
245,6,4.0
245,13,4.0
245,647,4.0
245,339,4.0
245,402,4.5
245,16,5.0
245,413,5.0
245,21,4.5
245,22,4.0
245,246,5.0
245,28,4.0
245,30,4.0
245,615,4.0
245,251,5.0
245,256,4.0
245,34,4.0
245,35,4.0
245,48,4.0
245,50,4.0
245,654,5.0
245,56,4.5
245,57,5.0
245,58,4.0
245,682,4.0
245,685,4.0
245,71,4.0
245,75,4.0
245,1235,5.0
245,200,4.5
245,100,4.0
245,106,5.0
245,299,4.5
245,155,4.0
245,163,5.0
245,471,4.5
245,174,5.0
245,721,4.0
245,187,4.0
245,670,4.5
245,1124,5.0
245,477,4.0
245,479,4.0
245,480,4.0
245,731,4.0
245,481,4.0
245,484,4.0
245,693,4.0
245,737,4.0
245,489,4.0
245,492,4.0
245,744,4.0
245,748,5.0
245,501,4.0
245,540,4.0
245,760,4.0
245,676,4.0
245,203,4.5
245,628,4.5
245,1078,5.0
245,1655,5.0
245,204,4.0
245,206,4.0
245,698,4.0
245,545,4.0
245,1680,4.0
245,1003,5.0
245,207,4.0
245,678,4.0
245,208,4.0
245,1798,5.0
245,1008,5.0
245,805,4.0
245,551,4.0
245,636,4.0
245,213,4.0
245,638,4.0
245,639,4.0
245,823,4.5
245,1822,5.0
245,1022,4.5
245,825,5.0
245,826,4.0
245,827,4.0
245,642,4.0
245,643,4.0
245,1334,5.0
245,834,5.0
245,1028,4.0
246,58,4.0
246,75,4.0
246,112,4.0
246,139,4.0
246,518,4.0
246,489,4.0
246,501,5.0
246,764,4.0
246,998,4.0
246,777,4.0
246,677,4.5
246,632,4.5
246,1802,4.0
246,815,4.5
246,1024,4.0
246,1186,4.5
246,1084,4.0
246,830,4.0
246,1025,4.0
246,3943,5.0
246,3947,5.0
246,3948,4.5
246,4159,4.0
246,3099,4.5
246,1089,4.5
247,0,4.0
247,344,4.0
247,354,5.0
247,3,5.0
247,4,4.0
247,1476,4.0
247,6,5.0
247,646,4.5
247,371,4.0
247,7,4.0
247,511,4.0
247,13,5.0
247,647,5.0
247,339,4.0
247,402,4.5
247,16,4.5
247,413,5.0
247,18,4.0
247,415,4.0
247,416,4.0
247,20,4.5
247,21,4.0
247,3630,4.0
247,22,4.5
247,648,4.0
247,246,4.0
247,571,4.0
247,28,4.0
247,343,4.0
247,30,4.5
247,32,4.0
247,463,4.0
247,704,4.5
247,444,4.0
247,615,4.5
247,855,4.0
247,254,4.0
247,256,4.5
247,464,4.5
247,42,4.0
247,679,4.0
247,457,4.0
247,858,4.0
247,49,5.0
247,263,4.0
247,50,4.0
247,2751,4.0
247,654,4.5
247,56,5.0
247,58,5.0
247,681,5.0
247,267,5.0
247,59,4.0
247,705,4.5
247,61,4.5
247,62,4.0
247,63,4.5
247,268,5.0
247,64,4.0
247,682,4.0
247,68,4.0
247,1581,4.0
247,70,4.5
247,71,4.5
247,75,4.5
247,573,4.0
247,79,4.0
247,80,4.0
247,864,4.0
247,81,4.0
247,865,4.0
247,82,4.0
247,958,4.5
247,84,4.5
247,86,4.5
247,1490,4.0
247,579,4.0
247,200,4.0
247,87,4.5
247,2325,4.0
247,468,4.0
247,94,4.5
247,96,4.0
247,619,4.0
247,100,4.5
247,106,4.5
247,869,4.5
247,1594,4.0
247,688,4.5
247,2221,4.0
247,122,4.0
247,124,4.5
247,125,4.5
247,912,4.0
247,295,4.5
247,136,4.0
247,138,4.0
247,139,5.0
247,1248,4.0
247,149,4.0
247,150,4.5
247,963,4.0
247,151,4.0
247,299,4.0
247,153,4.0
247,155,4.5
247,162,4.0
247,719,4.5
247,163,5.0
247,165,4.0
247,168,4.0
247,2010,4.0
247,170,4.0
247,689,4.0
247,174,4.0
247,1956,4.0
247,721,4.5
247,1406,4.0
247,2155,4.0
247,314,4.0
247,2762,4.0
247,182,4.0
247,185,4.0
247,186,4.0
247,1121,5.0
247,187,4.0
247,188,4.0
247,691,4.5
247,1249,4.0
247,601,4.0
247,196,4.0
247,1627,4.0
247,724,4.5
247,605,4.0
247,1420,4.0
247,670,5.0
247,324,4.0
247,725,4.5
247,1513,4.5
247,2771,4.0
247,4160,4.0
247,2265,4.0
247,1894,4.0
247,1302,4.0
247,1124,4.0
247,477,4.0
247,329,4.0
247,2643,4.5
247,478,4.0
247,939,4.0
247,479,5.0
247,518,4.0
247,1898,4.0
247,1521,4.0
247,730,4.0
247,731,4.0
247,481,4.0
247,4161,4.0
247,732,4.0
247,1525,4.0
247,1902,4.5
247,1552,4.5
247,484,4.5
247,525,4.5
247,1904,4.5
247,2602,4.0
247,1907,4.0
247,1305,4.0
247,737,4.0
247,1254,4.0
247,1171,4.0
247,489,4.0
247,2276,4.0
247,1256,4.5
247,1042,4.5
247,201,4.5
247,4162,4.0
247,2780,4.0
247,491,4.0
247,492,5.0
247,743,4.0
247,2782,4.5
247,2030,4.0
247,2031,4.0
247,744,4.0
247,1991,4.0
247,1043,4.5
247,4163,4.0
247,987,4.0
247,1646,4.0
247,495,4.0
247,496,4.0
247,1772,4.5
247,989,4.0
247,747,4.0
247,1647,4.0
247,497,4.0
247,2033,4.0
247,1648,4.5
247,1773,4.0
247,1856,4.0
247,748,5.0
247,500,4.0
247,501,4.0
247,990,4.0
247,502,4.0
247,1263,4.0
247,753,4.0
247,539,4.0
247,1659,4.0
247,1929,4.0
247,1777,5.0
247,626,4.0
247,993,4.0
247,540,4.0
247,1311,4.0
247,1143,5.0
247,1076,4.0
247,4164,4.0
247,2814,4.5
247,759,4.0
247,2230,4.0
247,760,4.0
247,1146,4.0
247,761,4.0
247,4165,4.5
247,1314,4.0
247,1554,4.0
247,1147,4.0
247,203,5.0
247,1175,4.5
247,2232,4.0
247,542,4.0
247,3030,4.0
247,4166,4.0
247,1315,4.5
247,767,4.5
247,1078,5.0
247,2233,4.0
247,1669,4.0
247,2057,4.0
247,1654,4.0
247,999,4.0
247,2820,4.0
247,1860,4.0
247,1530,4.0
247,1655,4.0
247,3031,4.0
247,1316,4.0
247,1671,4.5
247,3212,4.0
247,3248,4.0
247,772,4.0
247,2199,4.5
247,1044,4.0
247,1151,4.0
247,1656,4.0
247,1045,5.0
247,1676,4.0
247,3213,4.0
247,775,4.0
247,4008,4.0
247,2202,4.0
247,204,5.0
247,1000,4.0
247,777,4.5
247,1154,4.5
247,778,4.0
247,4167,4.0
247,677,4.0
247,3034,4.5
247,1657,4.0
247,2666,4.0
247,1156,4.0
247,205,4.0
247,1788,5.0
247,1677,4.0
247,1678,4.0
247,2071,4.5
247,2830,4.0
247,1159,4.0
247,2073,4.0
247,629,4.5
247,1160,4.0
247,1790,4.0
247,3215,4.0
247,2836,4.0
247,206,5.0
247,1177,4.0
247,698,4.0
247,1680,4.0
247,1681,4.5
247,630,4.0
247,1003,4.0
247,2321,4.0
247,1080,4.0
247,1794,4.0
247,2322,4.0
247,1682,4.5
247,1081,4.0
247,1539,4.0
247,789,4.0
247,790,4.5
247,207,5.0
247,2089,4.0
247,794,4.5
247,2238,4.5
247,678,4.0
247,4168,4.5
247,548,4.5
247,208,5.0
247,4169,4.0
247,796,4.5
247,699,4.0
247,209,4.5
247,2091,4.0
247,1797,4.0
247,2135,4.5
247,2136,4.0
247,1798,4.0
247,1540,4.0
247,700,4.5
247,2096,4.0
247,632,4.0
247,798,4.0
247,2098,4.0
247,2411,4.0
247,1801,4.0
247,1082,5.0
247,3956,4.5
247,4156,4.0
247,801,4.5
247,1178,4.0
247,1323,4.0
247,1008,4.0
247,3261,5.0
247,802,4.0
247,550,4.5
247,2854,4.0
247,2100,4.5
247,4170,4.0
247,1804,4.0
247,803,5.0
247,4171,4.5
247,4172,4.5
247,4173,4.5
247,3932,4.0
247,4174,4.0
247,2712,4.0
247,4175,4.0
247,4176,4.0
247,805,4.0
247,551,4.0
247,2248,4.0
247,4177,4.0
247,1009,4.0
247,4178,4.0
247,3265,4.5
247,3054,4.0
247,1180,4.0
247,4179,4.0
247,4180,4.0
247,3959,5.0
247,2251,5.0
247,1010,4.0
247,1011,4.0
247,2252,4.5
247,2857,5.0
247,3218,4.0
247,554,4.0
247,4181,4.5
247,1181,4.5
247,4182,4.5
247,556,4.0
247,4183,4.0
247,4184,4.0
247,1807,5.0
247,2715,4.5
247,3219,4.0
247,1542,4.0
247,1182,5.0
247,2866,4.5
247,1933,4.0
247,1183,4.5
247,1326,4.5
247,634,4.5
247,4185,4.0
247,811,4.5
247,1179,4.0
247,3271,4.0
247,812,4.5
247,4186,4.0
247,4187,4.0
247,1809,5.0
247,2258,4.0
247,814,4.5
247,815,4.0
247,2105,4.0
247,1014,4.0
247,3221,4.5
247,2138,4.0
247,557,4.5
247,1810,4.0
247,4188,4.0
247,4189,4.0
247,4190,4.5
247,4191,4.5
247,559,4.5
247,636,5.0
247,1327,5.0
247,3277,4.0
247,2139,4.0
247,1544,5.0
247,817,4.5
247,1812,4.0
247,3934,4.5
247,213,5.0
247,4192,4.0
247,1328,4.5
247,2880,5.0
247,1813,4.5
247,1814,4.5
247,4193,4.0
247,1815,4.0
247,1184,4.5
247,4194,4.0
247,819,4.5
247,638,5.0
247,1816,4.5
247,4195,4.5
247,3280,4.0
247,3069,4.0
247,820,4.5
247,2890,4.0
247,639,4.5
247,1021,4.0
247,1688,4.0
247,214,5.0
247,640,5.0
247,3282,4.5
247,823,4.5
247,4196,4.0
247,2743,4.0
247,1821,4.0
247,1822,4.0
247,1823,4.5
247,1330,5.0
247,825,4.5
247,826,4.0
247,1185,4.0
247,2140,4.0
247,1825,4.0
247,3072,4.0
247,828,4.5
247,215,5.0
247,641,4.5
247,4197,4.0
247,1826,4.5
247,829,4.0
247,1186,4.5
247,3742,4.5
247,1084,4.5
247,1085,4.5
247,830,4.5
247,1555,4.5
247,1025,4.5
247,831,4.0
247,1828,4.5
247,1333,4.5
247,2474,4.5
247,642,4.0
247,1690,4.0
247,643,4.5
247,4198,4.0
247,4199,4.0
247,4200,4.5
247,2924,4.5
247,2142,4.0
247,1334,5.0
247,1547,4.0
247,834,4.5
247,3961,4.5
247,836,4.5
247,644,4.0
247,1028,4.5
247,3299,4.5
247,2527,4.0
247,841,4.5
247,3302,4.5
247,3099,4.0
247,4201,4.0
247,3419,4.5
247,1834,4.0
247,1029,5.0
247,645,5.0
247,1836,4.5
247,3484,4.5
247,3306,4.0
247,844,5.0
247,4202,4.0
247,3307,4.0
247,4203,4.0
247,1839,4.5
247,4204,4.5
247,3132,4.0
247,1086,4.5
247,3953,4.5
247,1845,4.0
247,4205,4.0
247,4206,4.5
247,1089,5.0
248,2289,4.0
248,402,5.0
248,240,5.0
248,901,5.0
248,709,5.0
248,74,5.0
248,860,4.0
248,573,4.5
248,576,4.5
248,516,4.5
248,908,4.0
248,1101,4.5
248,1768,5.0
248,1952,5.0
248,314,5.0
248,2639,5.0
248,621,4.5
248,477,4.0
248,3386,5.0
248,4207,5.0
248,4208,4.0
249,3,5.0
249,646,4.5
249,647,5.0
249,339,5.0
249,402,5.0
249,16,5.0
249,22,5.0
249,28,5.0
249,30,5.0
249,50,5.0
249,57,5.0
249,60,5.0
249,269,5.0
249,271,5.0
249,200,5.0
249,100,5.0
249,139,5.0
249,163,5.0
249,673,5.0
249,678,5.0
249,4209,5.0
249,2950,5.0
250,0,4.5
250,413,5.0
250,427,4.5
250,2306,4.0
250,1700,4.0
250,1235,4.5
250,1600,5.0
250,737,5.0
250,501,4.5
250,1315,4.5
250,1320,4.5
250,678,5.0
250,549,4.5
250,1684,4.0
250,2712,4.5
250,554,4.5
250,1872,5.0
250,560,4.5
250,1018,4.0
250,1184,4.0
250,1022,4.0
250,641,4.0
250,1025,4.0
250,643,5.0
250,3961,4.0
250,1028,4.0
250,3963,5.0
250,1029,5.0
250,3305,4.0
250,3484,4.0
250,3121,4.0
251,1047,4.5
251,1217,5.0
251,30,5.0
251,2746,4.5
251,2143,4.5
251,1711,4.5
251,2215,4.0
251,706,4.5
251,269,5.0
251,2310,5.0
251,275,4.5
251,3490,5.0
251,1494,4.0
251,3860,4.0
251,716,5.0
251,297,5.0
251,1060,4.0
251,307,5.0
251,1119,4.0
251,4210,4.5
251,3691,4.5
251,671,5.0
251,1075,4.0
251,524,5.0
251,486,5.0
251,693,4.5
251,1910,4.0
251,1065,4.5
251,2779,4.0
251,695,5.0
251,4211,5.0
251,4212,4.5
251,762,4.5
251,4213,4.5
251,676,5.0
251,2198,4.0
251,2285,4.5
251,4214,4.5
251,1320,4.5
251,4149,4.5
252,0,4.5
252,354,4.5
252,3,4.5
252,4,4.5
252,6,4.0
252,373,4.0
252,13,4.0
252,647,4.5
252,339,5.0
252,402,4.5
252,4127,4.0
252,16,5.0
252,20,4.0
252,21,4.0
252,22,5.0
252,571,4.0
252,26,4.0
252,28,4.0
252,615,4.0
252,253,4.5
252,50,4.0
252,56,4.0
252,616,4.0
252,61,4.0
252,63,4.0
252,685,5.0
252,84,4.5
252,100,5.0
252,102,4.0
252,124,4.5
252,873,4.0
252,1499,4.5
252,138,4.5
252,139,5.0
252,299,5.0
252,155,5.0
252,163,5.0
252,1283,4.0
252,187,4.5
252,624,5.0
252,319,4.0
252,605,4.5
252,322,4.0
252,670,4.5
252,475,5.0
252,1124,4.5
252,477,4.0
252,671,4.5
252,479,4.5
252,480,4.0
252,4215,4.5
252,3809,4.5
252,484,4.0
252,735,4.5
252,737,4.5
252,489,4.0
252,741,4.0
252,201,5.0
252,1259,4.5
252,492,4.0
252,744,4.5
252,1043,4.0
252,986,4.5
252,1922,4.0
252,1647,4.0
252,1924,4.5
252,748,4.0
252,501,4.5
252,3826,4.0
252,1140,4.5
252,1141,4.5
252,1777,5.0
252,4045,4.0
252,1310,4.0
252,1142,4.0
252,540,4.5
252,759,4.0
252,541,4.0
252,2190,4.5
252,1145,4.0
252,760,4.5
252,1146,4.0
252,761,4.5
252,4216,4.5
252,2049,4.0
252,3596,4.5
252,1313,4.5
252,1554,4.5
252,676,4.5
252,203,5.0
252,1664,4.0
252,1175,4.0
252,628,4.0
252,508,4.5
252,1149,4.0
253,1268,5.0
253,1458,5.0
253,4217,5.0
253,61,5.0
253,64,5.0
253,1363,5.0
253,4218,4.0
253,151,5.0
253,4219,4.0
253,889,5.0
253,1411,5.0
254,1469,5.0
254,9,4.0
254,568,4.5
254,1288,4.0
254,1289,5.0
254,4123,4.5
254,13,4.0
254,647,5.0
254,402,5.0
254,415,4.0
254,1342,5.0
254,4220,4.0
254,1463,4.0
254,28,4.5
254,444,4.5
254,56,4.0
254,58,5.0
254,61,4.0
254,71,5.0
254,2573,4.5
254,3491,4.5
254,619,5.0
254,139,4.5
254,2696,4.0
254,3526,4.5
254,1402,4.0
254,599,4.0
254,1406,4.5
254,622,4.0
254,3497,4.5
254,1249,4.0
254,601,4.0
254,2014,4.0
254,4221,4.0
254,624,4.0
254,2768,5.0
254,474,4.0
254,1301,4.0
254,4222,4.0
254,4223,4.0
254,325,4.0
254,475,4.5
254,2771,4.0
254,1852,4.0
254,529,4.0
254,2265,4.5
254,978,4.0
254,2109,4.0
254,478,4.5
254,671,4.0
254,1636,4.5
254,480,5.0
254,4224,4.5
254,518,4.5
254,2023,4.0
254,481,4.0
254,3920,4.0
254,485,4.5
254,1305,4.0
254,1171,4.0
254,3549,4.0
254,531,4.5
254,1983,4.0
254,1911,4.0
254,1308,4.0
254,2782,4.5
254,2180,4.0
254,744,5.0
254,986,4.0
254,2226,4.0
254,1553,4.0
254,988,4.5
254,502,4.0
254,1140,4.0
254,1659,4.0
254,991,4.0
254,626,4.0
254,992,4.0
254,993,4.0
254,1779,4.0
254,2817,4.0
254,628,4.0
254,1860,4.5
254,1151,4.0
254,2067,4.0
254,2069,4.0
254,677,4.5
254,1079,4.5
254,1790,4.5
254,206,4.5
254,698,4.0
254,545,4.0
254,2081,4.5
254,1080,4.0
254,1682,4.5
254,789,4.5
254,3179,4.0
254,4169,4.0
254,1865,4.0
254,632,4.0
254,2100,4.0
254,805,4.0
254,552,5.0
254,556,4.0
254,1807,4.0
254,634,4.5
254,812,5.0
254,814,4.0
254,636,4.0
254,637,4.0
254,817,4.5
254,638,4.0
254,639,4.0
254,3282,4.0
254,825,4.5
254,826,4.0
254,827,4.5
254,1023,4.0
254,3196,4.0
254,2455,4.0
254,4225,4.0
254,215,4.0
254,3077,4.5
254,2141,4.5
254,4226,4.0
254,642,4.5
254,1026,4.5
254,4227,4.0
254,4228,4.0
255,1458,4.0
255,1548,4.0
255,274,4.5
255,903,4.0
255,319,4.5
255,481,4.0
256,402,5.0
256,22,4.0
256,57,5.0
256,139,5.0
256,299,4.5
256,163,5.0
256,174,5.0
256,480,5.0
256,485,5.0
256,742,5.0
256,676,5.0
256,1175,4.5
256,677,5.0
256,1320,4.5
256,545,5.0
256,1080,4.5
256,1683,4.5
256,1022,5.0
256,1186,5.0
257,354,5.0
257,1445,4.0
257,466,5.0
257,581,5.0
257,298,4.0
257,2324,5.0
257,474,4.0
257,475,5.0
257,477,4.0
257,478,4.0
257,3004,5.0
257,1042,5.0
257,532,4.0
257,2733,5.0
257,744,4.0
258,1047,4.0
258,3,4.5
258,4,5.0
258,646,5.0
258,3438,4.5
258,233,4.5
258,3337,4.0
258,12,4.0
258,339,4.5
258,404,4.5
258,239,4.0
258,2719,4.5
258,30,5.0
258,851,5.0
258,463,4.0
258,704,4.5
258,855,4.5
258,253,4.0
258,48,4.0
258,262,4.5
258,50,5.0
258,653,4.5
258,1051,4.0
258,1273,4.0
258,268,4.0
258,657,4.5
258,1578,5.0
258,1055,4.0
258,860,4.0
258,274,5.0
258,1582,4.0
258,587,4.5
258,572,5.0
258,79,4.5
258,1229,4.0
258,283,4.0
258,1111,4.5
258,2150,4.0
258,124,4.0
258,128,5.0
258,3511,4.5
258,590,4.5
258,140,5.0
258,297,4.0
258,149,4.5
258,4229,4.5
258,1886,5.0
258,163,4.0
258,165,4.0
258,168,4.5
258,1035,4.0
258,171,4.5
258,4230,5.0
258,2585,4.5
258,1769,4.5
258,1284,4.0
258,1889,4.5
258,927,4.0
258,4231,5.0
258,933,4.0
258,322,4.0
258,670,4.0
258,4232,4.5
258,3209,5.0
258,4233,4.0
258,1124,4.0
258,1900,4.5
258,482,4.5
258,1901,5.0
258,673,4.5
258,693,4.0
258,4234,4.5
258,2651,4.5
258,1909,4.5
258,4235,4.5
258,1171,4.5
258,3726,4.5
258,4019,4.0
258,4236,4.0
258,1042,4.0
258,1065,5.0
258,201,4.5
258,2780,4.0
258,1043,4.0
258,4237,4.5
258,4238,5.0
258,4239,4.0
259,349,4.0
259,3,4.0
259,4,4.0
259,2294,4.5
259,339,5.0
259,402,4.5
259,16,5.0
259,50,4.5
259,61,4.5
259,65,4.0
259,68,4.0
259,1235,4.5
259,100,4.0
259,688,5.0
259,124,4.0
259,136,4.0
259,139,4.0
259,155,5.0
259,317,4.0
259,624,5.0
259,1124,5.0
259,478,4.5
259,485,5.0
259,744,5.0
259,1773,5.0
259,674,4.5
259,628,4.5
259,1656,5.0
259,204,5.0
259,1177,5.0
259,208,4.5
259,2136,4.5
259,556,4.0
259,812,4.0
259,1688,4.0
260,1211,5.0
260,334,5.0
260,2744,5.0
260,383,4.0
260,13,4.0
260,1048,5.0
260,4125,5.0
260,338,4.0
260,1202,4.0
260,429,5.0
260,24,4.0
260,342,4.0
260,30,5.0
261,0,4.0
261,347,4.0
261,350,5.0
261,333,4.0
261,334,4.0
261,585,4.0
261,6,4.0
261,373,4.0
261,7,4.0
261,9,4.0
261,1200,4.0
261,390,4.0
261,609,4.0
261,402,5.0
261,16,4.0
261,512,4.0
261,416,4.0
261,420,4.0
261,20,4.0
261,425,4.0
261,427,4.0
261,613,4.0
261,22,5.0
261,570,4.0
261,433,4.0
261,28,5.0
261,434,4.0
261,247,4.0
261,851,5.0
261,443,4.0
261,650,5.0
261,256,4.0
261,3011,4.0
261,3309,5.0
261,465,4.0
261,2750,4.0
261,1474,4.0
261,55,4.0
261,653,5.0
261,1713,5.0
261,266,4.0
261,56,4.0
261,57,4.0
261,61,4.0
261,657,5.0
261,269,4.0
261,1352,4.0
261,587,4.0
261,1206,4.0
261,1229,4.0
261,467,4.0
261,84,5.0
261,598,4.0
261,277,4.0
261,2320,5.0
261,579,4.0
261,200,5.0
261,580,4.0
261,581,4.0
261,3173,4.0
261,1588,4.0
261,1883,4.0
261,584,4.0
261,95,4.0
261,1246,4.0
261,1759,4.0
261,100,4.0
261,106,4.0
261,869,4.0
261,108,4.0
261,121,4.0
261,123,4.0
261,716,5.0
261,912,5.0
261,873,4.0
261,961,4.0
261,1500,4.0
261,3650,5.0
261,139,4.0
261,297,4.0
261,1243,4.0
261,152,4.0
261,878,4.0
261,155,4.0
261,1244,4.0
261,174,4.0
261,3366,4.0
261,927,4.0
261,601,4.0
261,196,4.0
261,317,4.5
261,318,4.0
261,319,4.5
261,930,4.0
261,933,4.0
261,322,4.0
261,670,5.0
261,475,4.5
261,1514,4.0
261,477,4.5
261,329,4.0
261,671,4.0
261,1636,4.0
261,479,4.5
261,480,4.0
261,941,4.5
261,2998,4.0
261,730,4.0
261,1303,4.0
261,481,4.0
261,3974,4.0
261,1900,4.5
261,484,4.0
261,486,5.0
261,1906,4.0
261,737,4.5
261,489,4.0
261,2701,4.0
261,1042,4.5
261,742,4.0
261,492,4.5
261,744,4.5
261,1918,4.5
261,986,4.0
261,4240,4.0
261,987,4.0
261,1070,4.0
261,4241,4.0
261,496,4.0
261,2789,4.5
261,1773,4.0
261,2036,4.5
261,753,4.0
261,993,4.0
262,0,4.0
262,373,4.0
262,511,4.0
262,403,4.5
262,18,4.0
262,22,4.0
262,343,4.0
262,445,4.0
262,900,5.0
262,901,5.0
262,270,5.0
262,710,4.5
262,862,4.0
262,712,4.0
262,863,4.0
262,958,4.5
262,908,4.0
262,139,4.5
262,299,4.5
262,622,4.5
262,477,5.0
262,329,4.5
262,480,5.0
262,483,4.0
262,484,4.5
262,4242,4.5
262,626,4.0
262,1779,5.0
263,354,4.0
263,334,4.0
263,373,4.0
263,383,4.0
263,13,5.0
263,396,4.0
263,400,5.0
263,402,4.0
263,403,4.0
263,412,4.0
263,3769,4.0
263,21,4.0
263,570,4.0
263,2302,4.0
263,648,4.0
263,571,4.0
263,28,5.0
263,30,4.0
263,444,4.0
263,251,4.0
263,35,4.0
263,1162,5.0
263,1092,5.0
263,2309,4.0
263,56,5.0
263,58,5.0
263,267,4.0
263,269,4.0
263,68,5.0
263,271,4.0
263,71,5.0
263,664,4.0
263,710,4.0
263,712,5.0
263,863,5.0
263,864,4.0
263,617,4.0
263,1490,4.0
263,1235,4.0
263,580,4.0
263,581,4.0
263,1111,4.0
263,1168,4.0
263,94,5.0
263,1941,4.0
263,715,4.0
263,2115,4.0
263,100,4.0
263,111,4.0
263,1601,4.0
263,4243,4.0
263,1101,4.0
263,4244,4.0
263,1604,4.0
263,3780,4.0
263,137,4.0
263,139,5.0
263,143,4.0
263,144,4.0
263,3652,4.0
263,164,4.0
263,882,4.0
263,306,4.0
263,885,4.0
263,1507,4.0
263,311,4.0
263,3903,4.0
263,1106,4.0
263,890,4.0
263,3910,4.0
263,4245,4.0
263,1559,4.0
263,4246,4.0
263,196,5.0
263,3161,4.0
264,2,4.0
264,349,5.0
264,332,4.0
264,354,4.0
264,4,4.0
264,1702,5.0
264,6,5.0
264,513,4.0
264,12,4.0
264,13,4.0
264,339,5.0
264,409,5.0
264,16,4.0
264,20,4.0
264,21,4.0
264,1295,5.0
264,648,5.0
264,703,5.0
264,571,4.0
264,27,4.0
264,30,5.0
264,32,5.0
264,704,5.0
264,1479,4.0
264,464,5.0
264,679,4.0
264,858,5.0
264,49,5.0
264,50,5.0
264,51,5.0
264,680,4.0
264,54,4.0
264,55,5.0
264,56,5.0
264,57,4.0
264,58,5.0
264,655,5.0
264,616,5.0
264,59,5.0
264,60,5.0
264,62,5.0
264,64,5.0
264,65,5.0
264,68,4.0
264,1164,4.0
264,271,4.0
264,662,5.0
264,70,4.0
264,272,5.0
264,71,4.0
264,72,4.0
264,860,5.0
264,274,5.0
264,75,5.0
264,861,5.0
264,76,5.0
264,1276,5.0
264,276,5.0
264,1357,4.0
264,80,4.0
264,82,4.0
264,467,5.0
264,84,4.0
264,1363,5.0
264,87,5.0
264,2325,5.0
264,1883,4.0
264,100,4.0
264,1494,5.0
264,111,4.0
264,112,4.0
264,1594,4.0
264,119,4.0
264,688,5.0
264,1497,5.0
264,1113,5.0
264,218,4.0
264,517,5.0
264,127,4.0
264,1242,4.0
264,2687,4.0
264,139,5.0
264,140,4.0
264,297,5.0
264,298,5.0
264,150,5.0
264,1382,5.0
264,1297,5.0
264,151,5.0
264,153,4.0
264,918,4.0
264,3658,4.0
264,1391,5.0
264,158,5.0
264,160,5.0
264,163,5.0
264,881,5.0
264,164,4.0
264,689,4.0
264,171,5.0
264,306,5.0
264,667,5.0
264,1062,5.0
265,1047,4.0
265,335,5.0
265,6,4.0
265,373,5.0
265,13,5.0
265,21,5.0
265,648,5.0
265,571,5.0
265,28,5.0
265,34,5.0
265,464,4.0
265,680,5.0
265,1051,4.0
265,56,5.0
265,57,5.0
265,58,5.0
265,616,5.0
265,61,5.0
265,68,5.0
265,71,5.0
265,1549,4.0
265,710,5.0
265,617,4.0
265,1493,5.0
265,3774,4.0
265,873,5.0
265,1605,5.0
265,3780,4.0
265,139,5.0
265,2688,4.0
265,298,4.0
265,3416,4.0
265,963,5.0
265,1505,4.0
265,155,4.0
265,4219,5.0
265,1035,4.0
265,1952,5.0
265,4074,4.0
265,885,4.0
265,890,5.0
265,186,4.0
265,1411,5.0
265,187,5.0
265,4247,4.0
265,319,5.0
265,605,5.0
265,321,4.0
266,1047,5.0
266,355,4.0
266,4,5.0
266,2744,5.0
266,13,4.0
266,1049,5.0
266,1704,4.0
266,615,5.0
266,250,5.0
266,1712,4.0
266,261,4.0
266,1752,5.0
266,1697,4.0
266,654,4.0
266,56,5.0
266,57,5.0
266,681,5.0
266,60,5.0
266,62,5.0
266,682,4.0
266,658,4.0
266,684,4.0
266,3446,5.0
266,660,5.0
266,662,4.0
266,3840,4.0
266,3634,5.0
266,73,4.0
266,860,5.0
266,274,5.0
266,1166,5.0
266,1276,5.0
266,1233,5.0
266,1883,5.0
266,4248,5.0
266,1850,4.0
266,3448,4.0
266,469,5.0
266,287,4.0
266,4249,4.0
266,3893,4.0
266,3451,5.0
266,292,5.0
266,3453,5.0
266,139,5.0
266,140,4.0
266,296,4.0
266,297,4.0
266,1382,4.0
266,151,4.0
266,299,4.0
266,1725,4.0
266,155,5.0
266,3658,4.0
266,1391,4.0
266,4250,5.0
266,2637,4.0
266,3876,4.0
267,0,5.0
267,1,4.0
267,2,5.0
267,607,5.0
267,354,4.0
267,1195,5.0
267,1443,4.0
267,852,5.0
267,32,4.0
267,704,4.0
267,444,4.0
267,445,4.0
267,1480,4.0
267,48,4.0
267,3208,4.0
268,0,5.0
268,2288,5.0
268,350,4.0
268,607,4.0
268,354,4.0
268,334,5.0
268,2290,4.0
268,335,4.0
268,361,5.0
268,611,4.0
268,30,4.0
268,31,5.0
268,443,4.0
268,444,4.0
268,48,5.0
268,710,4.0
269,354,4.0
269,240,4.0
269,464,4.0
269,1092,4.0
269,1474,4.0
269,616,4.0
269,63,4.0
269,711,4.0
269,1035,4.0
269,3160,4.0
269,4251,4.0
269,524,4.5
269,773,4.0
270,402,4.0
270,68,4.0
270,864,4.0
270,958,4.0
270,1235,4.0
270,139,4.0
270,174,4.5
270,1552,4.0
270,760,4.0
270,698,4.0
270,632,4.0
270,803,4.0
270,1688,4.0
270,828,4.0
270,836,4.5
270,841,4.0
270,2667,5.0
271,0,5.0
271,332,5.0
271,354,5.0
271,333,4.0
271,646,4.0
271,1705,5.0
271,701,4.0
271,513,5.0
271,1200,5.0
271,12,5.0
271,384,4.0
271,386,4.0
271,390,4.0
271,609,4.0
271,339,4.0
271,403,5.0
271,404,4.0
271,1268,4.0
271,240,5.0
271,512,5.0
271,413,5.0
271,18,4.0
271,1456,4.0
271,1459,4.0
271,420,4.0
271,20,4.0
271,461,4.0
271,2719,5.0
271,21,4.0
271,1202,5.0
271,427,4.0
271,613,5.0
271,1295,5.0
271,1464,4.0
271,246,5.0
271,571,5.0
271,28,5.0
271,343,5.0
271,434,4.0
271,31,4.0
271,445,4.0
272,0,4.0
272,2,4.0
272,955,4.0
272,349,4.5
272,1475,4.0
272,1047,4.0
272,354,4.0
272,333,4.0
272,4121,4.0
272,3,4.0
272,4,4.0
272,1702,4.0
272,1476,4.5
272,6,4.5
272,460,4.0
272,3485,4.0
272,1448,4.0
272,513,4.0
272,11,4.5
272,511,4.5
272,610,4.5
272,647,4.5
272,339,5.0
272,4006,4.0
272,402,4.5
272,4126,4.5
272,4252,4.0
272,1268,4.5
272,240,4.0
272,16,4.5
272,413,4.0
272,18,4.0
272,416,4.0
272,1216,4.0
272,702,4.0
272,19,4.0
272,22,4.0
272,25,4.5
272,2623,4.0
272,246,4.0
272,571,4.5
272,26,4.0
272,28,4.0
272,435,4.0
272,463,4.0
272,704,4.0
272,1479,4.5
272,1936,4.0
272,217,4.0
272,43,4.0
272,679,4.0
272,858,4.0
272,50,4.5
272,51,4.0
272,1051,4.0
272,654,4.5
272,56,4.5
272,57,4.0
272,58,4.0
272,616,4.0
272,59,4.5
272,60,4.0
272,705,4.0
272,61,4.0
272,62,4.0
272,63,4.0
272,1273,4.5
272,2216,4.0
272,268,4.0
272,65,4.0
272,1578,4.5
272,68,4.0
272,2112,4.0
272,685,4.5
272,662,4.5
272,70,4.5
272,1055,4.0
272,73,4.0
272,1583,4.0
272,1194,4.0
272,4253,4.0
272,80,4.0
272,864,4.0
272,81,4.0
272,82,4.0
272,277,4.0
272,1490,4.5
272,1235,4.5
272,1550,4.0
272,200,4.0
272,713,4.5
272,2325,4.0
272,95,4.0
272,285,4.0
272,4051,4.0
272,1589,4.0
272,1884,4.5
272,3328,4.0
272,97,4.0
272,469,4.0
272,100,4.0
272,4254,4.0
272,286,4.0
272,112,4.0
272,1592,4.0
272,1594,4.0
272,2221,4.0
272,218,4.5
272,716,4.0
272,4053,4.0
272,4255,4.5
272,124,4.5
272,2693,4.5
272,3480,4.0
272,1605,4.0
272,1115,4.0
272,136,4.5
272,137,4.0
272,139,4.0
272,4256,4.0
272,876,4.0
272,298,4.0
272,150,4.0
272,1061,4.0
272,299,4.0
272,300,4.0
272,4257,4.5
272,919,4.5
272,155,5.0
272,1391,4.0
272,879,4.5
272,160,4.0
272,163,5.0
272,165,4.0
272,168,4.0
272,666,4.0
272,1282,4.0
272,171,4.5
272,720,4.0
272,471,4.0
272,721,4.5
272,1283,4.5
272,1170,4.0
272,889,4.0
272,2326,4.0
272,1284,4.0
272,4258,4.0
272,186,4.5
272,1121,5.0
272,1411,4.0
272,1890,4.0
272,189,4.0
272,190,4.0
272,4259,4.0
272,691,4.0
272,4260,4.0
272,192,4.0
272,1412,4.0
272,601,4.0
272,2014,4.0
272,4261,4.0
272,4262,4.0
272,317,4.5
272,624,4.5
272,4247,4.0
272,933,4.0
272,322,4.0
272,1420,4.0
272,2592,4.0
272,1891,4.5
272,1123,4.0
272,670,4.5
272,1628,4.0
272,725,5.0
272,3335,4.5
272,4263,4.0
272,1039,4.0
272,1124,4.5
272,2643,4.0
272,478,4.0
272,480,4.0
272,4264,4.0
272,4265,4.0
272,3018,4.0
272,2599,4.0
272,2020,4.0
272,1973,4.0
272,482,4.0
272,950,4.0
272,4266,4.0
272,1552,4.0
272,485,4.0
272,693,4.0
272,1907,4.0
272,1639,4.0
272,487,4.0
272,737,4.0
272,1254,4.0
272,489,4.0
272,1640,4.0
272,4267,4.0
272,1641,4.0
272,740,4.0
272,4268,4.0
272,201,5.0
272,1911,4.5
272,2780,4.5
272,491,4.0
272,1644,4.0
272,4269,4.0
272,4270,4.0
272,4271,4.0
272,1308,4.0
272,1915,4.0
272,744,5.0
272,2610,4.5
272,1043,5.0
272,4272,4.0
272,493,4.0
272,536,4.0
272,4273,4.0
272,2612,4.0
272,4274,4.0
272,4275,4.0
272,4276,4.0
272,986,4.0
272,496,4.0
272,4277,4.0
272,1648,4.0
272,4278,4.0
272,4279,4.5
272,4280,4.0
272,3481,4.0
272,1263,4.0
272,1701,4.0
272,1857,4.0
272,1140,4.0
272,4281,4.5
272,4282,4.0
272,697,4.0
272,4283,4.0
272,1777,4.5
272,1310,4.0
272,626,4.0
272,992,4.0
272,4284,4.5
272,3024,4.0
272,756,4.0
272,3176,4.0
272,4285,4.0
272,4286,4.0
272,4287,4.0
272,3884,4.5
272,4288,4.0
272,4216,4.0
272,3879,4.0
272,1859,4.5
272,1313,4.0
272,1314,4.0
272,1662,4.5
272,1663,4.0
272,627,4.0
272,1147,4.0
272,203,4.0
272,508,4.0
272,1149,4.0
272,4289,4.0
272,1667,5.0
272,1078,4.0
272,2233,4.0
272,1669,4.0
272,2059,4.0
272,1150,4.0
272,4290,4.0
272,2821,4.0
272,1860,4.0
272,2621,4.0
272,1672,4.0
272,1673,4.5
272,1674,4.0
272,770,4.0
272,2822,4.5
272,773,4.0
272,1044,4.0
272,2824,4.5
272,1151,4.0
272,2067,4.0
272,3600,4.0
272,774,4.0
272,204,4.5
272,2703,4.0
272,1154,4.0
272,4291,4.0
272,4292,4.0
272,1156,4.0
272,1788,4.5
272,2072,4.0
272,1159,4.0
272,629,4.0
272,206,5.0
272,698,4.0
272,4293,4.0
272,1681,4.0
272,2082,4.0
272,2321,4.0
272,1682,4.0
272,207,4.5
272,794,4.0
272,678,4.5
272,4168,4.0
272,208,5.0
272,4294,4.0
272,209,4.0
272,1540,4.0
272,700,4.0
272,1800,4.5
272,1803,4.0
273,0,5.0
273,350,5.0
273,332,5.0
273,354,5.0
273,333,5.0
273,585,4.0
273,4,4.0
273,5,5.0
273,233,5.0
273,234,4.0
273,235,5.0
273,236,4.0
273,12,5.0
273,1201,5.0
273,13,4.0
273,3854,5.0
273,339,5.0
273,402,4.0
273,404,4.0
273,240,4.0
273,241,5.0
273,512,4.0
273,3628,5.0
273,4295,5.0
273,420,4.0
273,19,4.0
273,340,4.0
273,21,4.0
273,22,5.0
273,1935,5.0
273,648,5.0
273,4296,4.0
273,28,5.0
273,30,4.0
273,247,4.0
273,704,5.0
273,248,5.0
273,451,4.0
273,615,5.0
273,1223,5.0
273,855,5.0
273,253,5.0
273,254,5.0
273,2748,5.0
273,256,5.0
273,258,5.0
273,3983,5.0
273,35,5.0
273,2143,4.0
273,1710,5.0
273,1162,5.0
273,38,5.0
273,1224,4.0
273,2145,5.0
273,858,5.0
273,262,5.0
273,50,5.0
273,515,5.0
273,53,4.0
273,1474,4.0
273,4297,5.0
273,55,5.0
273,653,5.0
273,265,5.0
273,1577,5.0
273,4298,5.0
273,2215,5.0
273,654,5.0
273,57,5.0
273,58,4.0
273,655,4.0
273,60,5.0
273,61,4.0
273,2752,4.0
273,62,5.0
273,268,4.0
273,64,4.0
273,682,4.0
273,65,5.0
273,269,5.0
273,683,5.0
273,658,5.0
273,684,5.0
273,659,5.0
273,1110,5.0
273,660,5.0
273,271,4.0
273,70,5.0
273,272,5.0
273,663,5.0
273,71,4.0
273,73,5.0
273,1227,5.0
273,860,4.0
273,274,5.0
273,2313,4.0
273,861,4.0
273,665,5.0
273,2113,5.0
273,1583,5.0
273,1352,4.0
273,3571,4.0
273,572,5.0
273,3859,5.0
273,1206,5.0
273,1276,5.0
273,4299,5.0
273,79,5.0
273,4300,5.0
273,4301,5.0
273,4302,5.0
273,467,4.0
273,84,4.0
273,86,5.0
273,1232,4.0
273,2147,5.0
273,1363,5.0
273,516,4.0
273,3143,5.0
273,200,4.0
273,1718,4.0
273,581,4.0
273,4303,5.0
273,281,5.0
273,1883,5.0
273,1758,4.0
273,1168,5.0
273,1033,4.0
273,2675,5.0
273,2115,4.0
273,1850,4.0
273,3448,4.0
273,285,4.0
273,1759,5.0
273,1494,5.0
273,4304,5.0
273,4305,5.0
273,1099,5.0
273,1368,5.0
273,2008,4.0
273,288,5.0
273,119,5.0
273,289,5.0
273,4306,4.0
273,4307,5.0
273,4308,4.0
273,1597,4.0
273,2654,5.0
273,4309,5.0
273,716,5.0
273,3340,5.0
273,1375,4.0
273,912,4.0
273,1241,4.0
273,2151,5.0
273,2693,5.0
273,1280,4.0
273,128,5.0
273,873,4.0
273,1947,4.0
273,4310,5.0
273,1242,4.0
273,138,4.0
273,139,5.0
273,590,4.0
273,4311,5.0
273,140,4.0
273,4312,5.0
273,470,5.0
273,149,4.0
273,150,4.0
273,151,4.0
273,1504,4.0
273,4313,4.0
273,152,5.0
273,300,5.0
273,153,5.0
273,3785,5.0
273,4314,5.0
273,155,4.0
273,4229,4.0
273,1391,5.0
273,1281,5.0
273,1393,4.0
273,1726,5.0
273,879,5.0
273,1728,5.0
273,4315,5.0
273,163,5.0
273,168,5.0
273,1035,4.0
273,4316,5.0
273,689,5.0
273,4317,5.0
273,307,5.0
273,2153,4.0
273,667,5.0
273,471,4.0
273,4318,5.0
273,885,5.0
273,1399,5.0
273,2154,5.0
273,311,4.0
273,3903,5.0
273,2680,4.0
273,2586,4.0
273,4319,5.0
273,1119,5.0
273,2117,5.0
273,1120,4.0
273,1283,5.0
273,4320,5.0
273,314,5.0
273,2639,5.0
273,889,5.0
273,1769,5.0
273,1736,5.0
273,1737,5.0
273,2118,5.0
273,890,5.0
273,1284,4.0
273,1766,5.0
273,2119,4.0
273,1411,5.0
273,187,4.0
273,4321,5.0
273,1559,5.0
273,669,5.0
273,1122,4.0
273,3989,5.0
273,317,4.0
273,2324,5.0
273,1036,5.0
273,4322,4.0
273,3674,4.0
273,318,4.0
273,3861,5.0
273,319,4.0
273,605,4.0
273,3872,4.0
273,322,5.0
273,3678,5.0
273,4323,5.0
273,4324,5.0
273,2158,4.0
273,1123,4.0
273,670,5.0
273,1063,5.0
273,324,4.0
273,325,5.0
273,4325,5.0
273,4326,5.0
273,4327,5.0
273,3686,5.0
273,2642,5.0
273,2108,4.0
273,975,4.0
273,1965,4.0
273,4232,4.0
273,692,5.0
273,3533,5.0
273,4328,5.0
273,1302,5.0
273,1039,4.0
273,477,4.0
273,1040,4.0
273,478,4.0
273,331,5.0
273,671,5.0
273,3698,5.0
273,939,5.0
273,479,4.0
273,941,5.0
273,4329,4.0
273,199,4.0
273,2998,5.0
273,3388,4.0
273,1897,5.0
273,4330,5.0
273,4331,5.0
273,730,4.0
273,1303,4.0
273,731,4.0
273,481,4.0
273,3509,5.0
273,4332,5.0
273,3467,5.0
273,1041,5.0
273,4333,5.0
273,4334,5.0
273,4129,4.0
273,524,5.0
273,4335,5.0
273,484,4.0
273,486,4.0
273,527,5.0
273,4336,5.0
273,2273,4.0
273,1906,5.0
273,4337,5.0
274,0,4.0
274,344,4.0
274,346,4.0
274,4338,4.0
274,1475,4.0
274,361,5.0
274,1477,5.0
274,368,5.0
274,4122,4.0
274,373,5.0
274,11,4.0
274,13,5.0
274,14,5.0
274,1268,5.0
274,16,5.0
274,413,5.0
274,414,5.0
274,461,5.0
274,21,5.0
274,438,4.0
274,462,5.0
274,3405,4.0
274,4339,4.0
274,443,4.0
274,650,4.0
274,1478,4.0
274,444,5.0
274,445,5.0
274,1188,5.0
274,854,4.0
274,45,5.0
274,56,5.0
274,61,5.0
274,71,5.0
274,3208,4.0
274,1194,5.0
275,0,4.0
275,354,5.0
275,368,4.0
275,13,4.0
275,1548,4.0
275,1573,4.0
275,443,4.0
275,444,4.0
275,1704,4.0
275,2624,4.0
275,217,4.0
275,1695,4.0
275,710,5.0
275,1194,5.0
276,4,5.0
276,1199,4.0
276,402,5.0
276,22,5.0
276,2147,5.0
276,1375,4.5
276,130,4.5
276,1734,4.5
276,1616,4.0
276,1399,4.0
276,1415,4.0
276,1316,5.0
277,6,4.0
277,13,5.0
277,339,5.0
277,402,4.5
277,21,4.0
277,648,5.0
277,571,4.0
277,28,4.0
277,462,4.0
277,444,4.0
277,615,4.0
277,464,4.0
277,679,5.0
277,465,4.0
277,55,5.0
277,56,5.0
277,58,4.0
277,616,4.5
277,61,4.5
277,63,5.0
277,65,4.0
277,68,4.0
277,685,5.0
277,75,4.5
277,957,4.0
277,578,4.0
277,87,4.0
277,100,4.0
277,112,4.0
277,218,5.0
277,1723,4.0
277,136,4.0
277,139,4.5
277,186,5.0
277,933,5.0
277,1302,4.0
277,479,4.0
277,484,5.0
277,491,4.0
277,492,4.0
277,1919,5.0
277,540,4.0
277,759,4.0
277,760,4.0
277,203,4.0
277,1175,4.5
277,628,4.5
277,1667,4.0
277,2199,5.0
277,1045,4.5
277,775,4.0
277,204,4.0
277,1677,4.5
277,629,4.0
277,206,4.0
277,1177,4.5
277,1080,4.0
277,1682,4.0
277,207,4.0
277,208,4.0
277,796,4.0
277,209,4.0
277,551,5.0
277,3959,4.0
277,556,5.0
277,812,4.0
277,1327,5.0
277,819,4.5
277,638,5.0
277,639,4.5
277,4340,4.0
277,2891,4.5
277,640,4.0
277,1822,4.5
277,1330,4.5
277,825,5.0
277,828,4.0
277,215,4.5
277,1186,4.0
277,1334,5.0
277,842,4.0
277,1029,4.0
277,1837,4.0
277,844,4.0
277,1843,5.0
278,0,4.5
278,346,4.5
278,4341,4.5
278,585,4.0
278,4,4.5
278,235,4.5
278,390,4.0
278,16,4.0
278,413,4.5
278,19,4.5
278,1465,4.0
278,1771,4.0
278,343,4.5
278,434,4.0
278,252,4.0
278,1696,4.0
278,3011,4.5
278,900,4.0
278,901,5.0
278,45,4.0
278,656,4.0
278,62,5.0
278,659,4.0
278,903,4.0
278,1206,4.5
278,1488,4.0
278,580,4.0
278,3841,4.0
278,97,4.0
278,4100,4.0
278,1375,4.0
278,4342,4.5
278,962,4.0
278,590,4.0
278,592,4.0
278,3015,4.0
278,299,4.5
278,4229,5.0
278,471,4.0
278,309,4.5
278,1399,4.0
278,185,4.0
278,601,4.5
278,928,4.5
278,317,5.0
278,473,5.0
278,1299,4.5
278,935,4.0
278,324,5.0
278,325,5.0
278,475,4.5
278,937,4.0
278,3016,4.0
278,1302,4.0
278,2110,5.0
278,329,4.0
278,478,4.5
278,671,4.0
278,944,5.0
278,483,4.0
278,4130,4.5
278,485,4.5
278,737,4.5
278,531,5.0
278,2028,4.0
278,742,4.0
278,2031,5.0
278,493,4.5
278,1260,5.0
278,2282,4.5
278,4343,4.5
278,987,4.0
278,2789,4.5
278,1772,4.0
278,4344,4.5
278,3318,5.0
278,1310,4.5
278,4345,4.5
278,1311,4.0
278,596,5.0
278,994,4.0
278,4346,4.5
278,2818,4.0
278,203,5.0
278,1149,4.5
278,4347,4.0
278,4348,4.0
278,543,4.0
278,1654,5.0
278,1671,4.5
278,2737,4.5
278,1317,4.5
278,1656,4.0
278,204,4.5
278,1786,4.5
278,1154,4.0
278,677,4.0
278,4349,4.0
278,1788,4.5
278,4085,4.5
278,1159,4.5
278,544,4.0
278,629,4.0
278,3215,4.0
278,782,4.5
278,4089,4.5
278,1680,4.0
278,630,4.0
278,4350,4.0
278,4351,4.0
278,1539,5.0
278,4352,4.0
278,208,4.0
278,2091,5.0
278,549,4.0
278,4353,4.0
278,2137,5.0
278,1082,5.0
278,2101,4.5
278,2120,4.5
278,4354,4.0
278,4355,4.0
278,805,5.0
278,1870,4.0
278,1180,4.0
278,2857,5.0
278,1182,5.0
279,124,4.0
279,2030,4.0
279,987,4.0
279,1076,4.0
279,1313,4.5
279,1078,4.5
280,0,4.5
280,2,4.0
280,349,4.0
280,607,4.0
280,1285,4.5
280,354,4.0
280,4,4.5
280,646,4.0
280,373,4.5
280,13,4.0
280,339,4.0
280,402,4.5
280,16,4.5
280,21,4.0
280,427,4.0
280,22,5.0
280,246,4.5
280,571,4.5
280,28,4.0
280,463,4.0
280,615,5.0
280,34,5.0
280,900,4.5
280,48,4.0
280,858,4.0
280,49,4.5
280,50,5.0
280,55,5.0
280,654,5.0
280,681,4.5
280,267,4.5
280,60,4.5
280,62,4.5
280,64,4.0
280,682,5.0
280,65,4.0
280,68,4.5
280,685,4.0
280,70,4.5
280,71,5.0
280,76,5.0
280,1352,4.0
280,276,4.5
280,80,4.5
280,958,4.0
280,466,4.5
280,467,4.0
280,1362,4.0
280,1235,4.5
280,200,4.5
280,87,4.0
280,581,4.0
280,2325,5.0
280,1111,4.0
280,1033,4.0
280,94,4.0
280,715,4.5
280,285,4.0
280,619,5.0
280,98,4.5
280,100,4.5
280,112,4.0
280,688,4.5
280,1498,4.5
280,121,4.0
280,123,4.0
280,124,4.5
280,912,4.0
280,1603,5.0
280,4356,4.0
280,4357,4.0
280,133,4.0
280,4358,4.5
280,134,4.0
280,136,4.5
280,1242,4.0
280,138,4.0
280,139,5.0
280,298,4.0
280,151,4.5
280,593,4.5
280,299,4.5
280,1610,4.5
280,1386,4.0
280,153,4.5
280,155,4.5
280,1886,4.0
280,879,4.5
280,161,4.0
280,163,4.5
280,165,4.0
280,168,4.5
280,1035,4.5
280,169,4.0
280,689,5.0
280,471,4.5
280,174,4.0
280,2689,4.0
280,309,4.5
280,1400,4.0
280,1508,4.0
280,1283,4.5
280,1284,4.0
280,1121,4.0
280,187,4.0
280,624,4.5
280,724,4.5
280,1037,4.5
280,1301,4.0
280,933,4.0
280,1420,4.0
280,670,4.5
280,324,5.0
280,325,4.0
280,725,4.5
280,475,4.5
280,3333,4.0
280,1965,5.0
280,1894,4.5
280,1072,4.0
280,2699,4.5
280,2109,4.0
280,477,4.5
280,478,4.0
280,939,4.5
280,480,5.0
280,1125,4.0
280,518,4.5
280,945,4.0
280,730,4.0
280,731,4.5
280,481,4.0
280,521,4.0
280,1041,4.0
280,1902,4.0
280,525,4.5
280,485,5.0
280,735,4.0
280,2224,4.5
280,1853,4.5
280,737,5.0
280,489,4.0
280,1641,4.0
280,740,4.5
280,490,4.0
280,986,4.0
280,1920,4.5
280,747,4.0
280,501,5.0
280,1138,4.0
280,1141,4.0
280,753,4.5
280,1311,4.5
280,757,4.5
280,1650,4.5
280,541,4.0
280,3998,4.0
280,1146,4.0
280,762,4.5
280,506,4.5
280,1077,4.5
280,1663,4.5
280,203,4.5
280,1664,4.5
280,628,4.5
280,508,4.0
280,1149,4.5
280,4359,4.0
280,4166,4.5
280,1315,5.0
280,1654,4.0
280,769,4.0
280,773,4.0
280,204,5.0
280,1159,4.0
280,1680,4.0
280,789,4.0
280,208,4.5
280,210,4.5
280,551,4.0
280,213,4.5
280,642,4.0
280,1334,4.5
281,1702,4.0
281,368,4.0
281,6,5.0
281,373,5.0
281,402,5.0
281,16,5.0
281,28,4.0
281,30,4.0
281,1269,4.0
281,1346,4.0
281,61,4.0
281,80,4.0
281,958,4.0
281,200,5.0
281,583,4.0
282,344,4.0
282,955,4.0
282,348,4.0
282,1475,4.0
282,354,5.0
282,367,5.0
282,368,5.0
282,6,5.0
282,369,4.0
282,460,5.0
282,1289,4.0
282,510,4.0
282,1448,4.0
282,10,4.0
282,513,5.0
282,11,4.0
282,384,4.0
282,385,5.0
282,386,4.0
282,388,4.0
282,3338,4.0
282,339,4.0
282,4006,4.0
282,400,4.0
282,402,4.0
282,1293,4.0
282,14,4.0
282,4127,4.0
282,405,4.0
282,1268,5.0
282,241,4.0
282,16,5.0
282,512,4.0
282,18,5.0
282,611,4.0
282,415,5.0
282,416,4.0
282,1692,4.0
282,419,4.0
282,1459,4.0
282,420,4.0
282,1342,4.0
282,20,4.0
282,340,4.0
282,21,5.0
282,427,5.0
282,614,4.0
282,1876,4.0
282,246,5.0
282,571,5.0
282,26,4.0
282,27,5.0
282,343,4.0
282,438,4.0
282,443,4.0
283,646,5.0
283,339,4.0
283,19,5.0
283,615,5.0
283,855,5.0
283,253,5.0
283,256,5.0
283,2144,4.0
283,1205,5.0
283,654,5.0
283,268,4.5
283,659,5.0
283,660,5.0
283,664,4.5
283,1583,4.0
283,3571,4.0
283,200,4.0
283,1168,4.0
283,285,5.0
283,918,4.0
283,3156,4.0
283,735,4.0
283,739,4.0
283,819,4.0
284,2,4.5
284,3,5.0
284,6,5.0
284,373,4.0
284,460,4.0
284,509,4.0
284,339,5.0
284,16,4.5
284,413,5.0
284,415,4.0
284,422,4.0
284,4360,4.0
284,428,4.5
284,22,4.0
284,614,4.0
284,28,4.0
284,679,4.5
284,457,5.0
284,49,4.0
284,53,4.0
284,654,4.0
284,685,4.5
284,3571,4.0
284,86,4.0
284,1235,4.0
284,468,4.0
284,100,4.5
284,124,5.0
284,1115,4.0
284,139,4.5
284,299,5.0
284,163,5.0
284,168,4.5
284,174,5.0
284,621,4.5
284,1627,4.5
284,605,5.0
284,1301,4.0
284,322,4.0
284,606,4.5
284,670,4.5
284,1039,5.0
284,1517,4.0
284,478,4.0
284,671,5.0
284,479,4.5
284,480,5.0
284,518,5.0
284,484,4.5
284,4361,5.0
284,737,5.0
284,489,4.0
284,201,5.0
284,492,5.0
284,744,5.0
284,1043,5.0
284,501,4.0
285,1047,4.5
285,5,4.0
285,4362,4.5
285,336,5.0
285,404,4.0
285,19,4.5
285,2719,4.5
285,22,4.0
285,849,4.0
285,30,4.5
285,1269,4.0
285,55,4.0
285,864,4.0
285,1111,4.5
285,285,4.5
285,119,4.0
285,123,4.0
285,297,4.0
285,1886,4.0
285,163,4.0
285,1949,4.5
285,168,4.0
285,169,4.0
285,308,4.0
285,1889,4.0
285,1036,4.0
285,624,5.0
285,933,4.0
285,3691,5.0
285,1039,4.0
285,1124,4.5
285,671,5.0
285,939,5.0
285,479,4.0
285,1637,4.0
285,482,4.5
285,1074,5.0
285,1075,4.5
285,484,4.0
285,3316,5.0
285,1908,5.0
285,1909,4.0
285,3726,5.0
285,1042,5.0
285,987,4.0
285,1920,4.5
285,4344,4.0
285,499,5.0
286,0,4.5
286,1,4.0
286,332,4.0
286,354,5.0
286,333,4.0
286,6,5.0
286,7,4.0
286,12,5.0
286,1691,4.0
286,511,4.0
286,13,5.0
286,339,5.0
286,402,5.0
286,410,4.0
286,16,5.0
286,22,5.0
286,2302,4.0
286,648,4.0
286,849,4.0
286,246,4.0
286,571,4.0
286,26,5.0
286,28,5.0
286,342,4.5
286,343,4.0
286,30,4.0
286,1479,5.0
286,251,4.0
286,253,4.0
286,256,4.0
286,464,5.0
286,1162,4.5
286,3356,4.0
286,39,5.0
286,900,4.0
286,44,4.0
286,48,4.0
286,858,5.0
286,49,5.0
286,262,4.0
286,51,4.5
286,680,4.0
286,1752,4.0
286,53,5.0
286,1697,4.0
286,55,5.0
286,653,4.0
286,654,5.0
286,56,4.5
286,57,4.0
286,58,5.0
286,655,4.0
286,681,4.0
286,1163,5.0
286,59,4.0
286,60,4.5
286,61,4.5
286,62,4.0
286,1273,4.0
286,268,5.0
286,269,4.0
286,1164,4.0
286,659,4.0
286,69,4.0
286,662,4.5
286,1096,4.0
286,686,4.0
286,70,4.5
286,272,4.0
286,859,4.5
286,71,5.0
286,664,4.0
286,73,4.0
286,1097,4.0
286,274,4.0
286,75,5.0
286,861,4.0
286,665,4.0
286,1583,4.0
286,1352,4.5
286,710,4.5
286,712,4.0
286,863,4.0
286,1275,5.0
286,1194,4.0
286,1276,4.0
286,1359,4.0
286,864,4.0
286,81,4.0
286,958,4.0
286,466,4.0
286,83,4.0
286,1361,4.0
286,84,4.5
286,277,4.0
286,617,4.0
286,516,4.0
286,1235,4.0
286,87,5.0
286,1586,4.0
286,584,4.5
286,1032,4.0
286,1033,4.0
286,94,5.0
286,3362,4.0
286,2149,4.0
286,2115,4.0
286,1850,4.5
286,1699,4.0
286,1884,4.0
286,619,4.5
286,1759,4.0
286,110,4.0
286,1099,4.0
286,4363,4.0
286,1278,4.5
286,124,4.5
286,293,4.0
286,1280,4.0
286,873,4.0
286,4364,4.0
286,2678,4.0
286,1500,4.0
286,4365,4.0
286,137,5.0
286,3649,4.0
286,143,4.0
286,1609,4.0
286,3416,4.0
286,1503,4.0
286,1768,4.0
286,152,4.0
286,1725,4.0
286,1610,4.0
286,300,4.0
286,153,4.0
286,918,5.0
286,4366,4.0
286,1390,4.0
286,1391,4.0
286,160,4.0
286,164,4.0
286,166,4.0
286,168,4.0
286,1035,4.0
286,169,4.0
286,1103,5.0
286,306,4.0
286,4013,4.0
286,1116,5.0
286,667,5.0
286,471,4.0
286,175,4.0
286,885,4.0
286,1953,5.0
286,311,4.0
286,690,4.0
286,1956,4.0
286,312,4.5
286,1266,4.0
286,2117,4.5
286,1170,5.0
286,888,4.0
286,2639,4.0
286,889,5.0
286,183,4.0
286,890,4.0
286,2326,4.0
286,1740,4.0
286,1765,4.0
286,621,4.0
286,4367,4.0
286,971,4.0
286,190,4.0
286,3330,4.0
286,1108,4.0
286,472,4.0
286,317,4.5
286,2768,4.0
286,1627,4.5
286,1415,4.0
286,931,4.0
286,933,5.0
286,4368,4.0
286,670,4.5
286,475,4.0
286,1424,4.0
286,4369,4.0
286,4370,4.0
286,2109,4.0
286,2700,4.0
286,477,4.5
286,2019,4.0
286,2281,4.0
286,2995,4.0
286,479,5.0
286,4371,4.0
286,199,5.0
286,730,4.0
286,1303,4.0
286,948,4.0
286,481,4.0
286,732,4.0
286,1524,4.0
286,482,4.0
286,1525,4.0
286,524,4.0
286,3004,4.0
286,3020,4.0
286,953,4.0
286,489,4.0
286,2701,4.0
286,2730,4.0
286,3726,4.5
286,4372,4.0
286,1980,4.0
286,201,4.0
286,1982,4.0
286,1983,4.0
286,2609,4.0
286,1259,4.0
286,491,4.0
286,742,4.5
286,532,4.0
286,4373,4.0
286,492,4.0
286,744,4.5
286,1043,4.0
286,1919,4.0
286,495,4.0
286,496,4.5
286,1772,4.0
286,4374,4.0
286,4208,4.0
286,498,4.0
286,4007,4.0
286,499,4.5
286,501,4.0
286,1928,4.5
286,4375,4.0
286,4376,4.0
286,1777,4.5
286,1310,4.0
286,626,4.5
286,540,4.5
286,1311,4.0
286,1076,4.5
286,1650,4.5
286,2189,4.0
286,1660,4.0
286,1661,4.0
286,541,4.0
286,4377,4.5
286,4378,4.0
286,4379,4.0
286,1146,4.0
286,4067,4.0
286,3246,4.0
286,505,4.0
286,627,4.0
286,1147,4.0
286,2053,4.0
286,1315,4.0
286,3211,4.5
286,1673,4.5
286,2824,4.0
286,775,5.0
286,204,4.5
286,1000,4.5
286,777,4.0
286,1154,4.0
286,677,4.5
286,1159,4.0
286,545,4.5
286,1680,4.0
286,789,4.0
287,349,4.5
287,12,4.0
287,463,4.5
287,60,4.0
287,685,4.0
287,119,4.5
287,1425,4.5
287,4380,5.0
287,2609,4.0
287,4381,4.0
288,0,4.0
288,347,4.0
288,607,4.0
288,333,4.0
288,334,4.0
288,4,4.0
288,646,5.0
288,373,4.0
288,12,4.0
288,1201,5.0
288,13,5.0
288,339,5.0
288,1265,4.0
288,402,5.0
288,4382,4.0
288,404,4.0
288,4383,4.0
288,239,4.0
288,4295,4.0
288,1218,4.0
288,20,4.0
288,340,4.0
288,243,4.0
288,1202,4.0
288,613,4.0
288,1934,4.0
288,22,5.0
288,1935,4.0
288,28,4.0
288,343,4.0
288,3353,4.0
288,30,5.0
288,439,4.0
288,1269,4.0
288,463,5.0
288,248,5.0
288,615,5.0
288,1223,4.0
288,250,5.0
288,251,5.0
288,2304,4.0
288,855,5.0
288,253,5.0
288,2747,5.0
288,254,5.0
288,2748,5.0
288,255,5.0
288,1091,4.0
288,256,5.0
288,651,5.0
288,1708,4.0
288,3521,5.0
288,34,5.0
288,35,5.0
288,464,5.0
288,1751,5.0
288,259,4.0
288,4384,5.0
288,1710,5.0
288,1162,5.0
288,38,5.0
288,1711,5.0
288,3773,4.0
288,1092,5.0
288,3570,5.0
288,2145,5.0
288,4385,4.0
288,858,4.0
288,262,5.0
288,263,4.0
288,50,4.0
288,51,4.0
288,1752,4.0
288,1878,4.0
288,53,5.0
288,1474,4.0
288,55,4.0
288,652,4.0
288,265,4.0
288,1577,4.0
288,4298,4.0
288,654,5.0
288,56,5.0
288,58,5.0
288,1163,5.0
288,60,5.0
288,62,5.0
288,63,4.0
288,268,5.0
288,682,5.0
288,66,4.0
288,269,5.0
288,683,5.0
288,1351,4.0
288,1053,4.0
288,684,4.0
288,68,4.0
288,1164,5.0
288,270,5.0
288,660,5.0
288,1714,5.0
288,685,4.0
288,271,4.0
288,1096,5.0
288,686,5.0
288,272,4.0
288,859,4.0
288,71,4.0
288,664,4.0
288,74,5.0
288,273,5.0
288,1097,4.0
288,665,4.0
288,1583,5.0
288,1352,4.0
288,3571,4.0
288,4386,4.0
288,587,4.0
288,572,4.0
288,1275,5.0
288,1276,4.0
288,1228,4.0
288,3636,4.0
288,84,4.0
288,1232,4.0
288,277,4.0
288,516,4.0
288,200,4.0
288,278,4.0
288,713,4.0
288,280,4.0
288,1883,4.0
288,93,5.0
288,1167,5.0
288,1758,5.0
288,1168,5.0
288,284,5.0
288,3339,5.0
288,3361,5.0
288,1032,5.0
288,3362,4.0
288,2149,5.0
288,715,5.0
288,2115,4.0
288,4248,4.0
288,1589,4.0
288,3774,4.0
288,1759,4.0
288,100,4.0
288,4387,4.0
288,1720,5.0
288,3449,4.0
288,1034,4.0
288,4307,4.0
288,121,4.0
288,2654,4.0
288,1885,4.0
288,1600,4.0
288,124,4.0
288,1240,4.0
288,3647,4.0
288,912,4.0
288,293,4.0
288,126,5.0
288,1280,4.0
288,913,4.0
288,873,4.0
288,4388,4.0
288,137,4.0
288,1102,4.0
288,297,4.0
288,147,5.0
288,4389,4.0
288,3365,4.0
288,1504,5.0
288,1557,5.0
288,3454,4.0
288,1768,4.0
288,152,4.0
288,299,4.0
288,1725,4.0
288,1610,4.0
288,300,4.0
288,155,4.0
288,1391,4.0
288,1393,4.0
288,1726,4.0
288,4135,4.0
288,4390,4.0
288,1728,4.0
288,880,4.0
288,4315,4.0
288,3341,4.0
288,160,5.0
288,161,4.0
288,165,4.0
288,4391,4.0
288,1035,4.0
288,4392,4.0
288,4393,4.0
288,882,5.0
288,2153,5.0
288,4013,5.0
288,1104,4.0
288,1734,4.0
288,2116,4.0
288,175,4.0
288,1954,5.0
288,4394,4.0
288,2154,4.0
288,3903,4.0
288,1956,4.0
288,2155,5.0
288,1735,4.0
288,3460,4.0
288,1407,4.0
288,1283,4.0
288,2639,4.0
288,1769,4.0
288,1737,5.0
288,4395,4.0
288,1890,4.0
288,4396,4.0
288,190,4.0
288,191,4.0
288,192,4.0
288,4397,4.0
288,4398,4.0
288,1559,5.0
288,2156,4.0
288,4399,4.0
288,669,4.0
288,4400,4.0
289,0,4.0
289,329,5.0
289,518,4.0
289,483,5.0
289,987,5.0
289,994,5.0
289,1315,5.0
289,1655,5.0
289,204,5.0
289,777,4.0
289,677,5.0
289,545,4.0
289,1003,5.0
289,789,5.0
289,795,4.0
289,1798,5.0
289,1801,4.0
289,1008,5.0
289,802,4.0
289,803,5.0
289,806,4.0
289,2258,4.0
289,2139,4.0
289,1812,4.0
289,1825,4.0
289,1826,4.0
289,1186,5.0
290,0,4.0
290,1270,4.0
290,13,4.0
290,402,5.0
290,15,4.0
290,16,4.5
290,413,4.5
290,416,4.0
290,20,4.0
290,21,4.0
290,1470,4.0
290,427,4.0
290,1771,4.0
290,246,4.0
290,571,4.0
290,343,4.5
290,1548,4.0
290,32,4.0
290,444,4.5
290,1347,4.0
290,615,4.0
290,3772,4.0
290,3356,4.5
290,901,4.0
290,679,4.0
290,48,4.5
290,53,4.5
290,465,4.0
290,55,4.0
290,56,4.0
290,58,4.0
290,267,4.0
290,656,4.5
290,61,4.0
290,682,4.0
290,68,4.0
290,71,4.0
290,73,4.0
290,75,4.5
290,1483,4.0
290,1206,4.0
290,957,4.0
290,81,4.0
290,958,4.0
290,578,4.0
290,467,4.0
290,580,4.0
290,96,4.5
290,618,4.0
290,619,4.0
290,100,4.0
290,908,4.5
290,112,4.0
290,121,4.0
290,1113,4.0
290,1372,4.0
290,125,4.0
290,960,4.0
290,1723,4.0
290,1500,4.5
290,4401,4.0
290,139,4.0
290,143,4.0
290,151,4.0
290,152,5.0
290,299,4.0
290,1393,4.0
290,158,4.0
290,161,4.0
290,162,4.0
290,165,4.0
290,964,4.0
290,965,4.0
290,166,4.5
290,167,4.0
290,4402,5.0
290,4074,4.0
290,471,4.0
290,174,4.5
290,885,4.0
290,1401,4.0
290,3904,4.0
290,889,4.0
290,4104,4.0
290,3908,4.0
290,968,4.0
290,969,4.0
290,189,4.0
290,1107,4.0
290,4110,4.5
290,1108,4.5
290,4403,4.0
290,473,4.0
290,1625,4.0
290,973,5.0
290,974,4.5
290,1301,4.0
290,3791,4.0
290,475,4.0
290,977,4.0
290,4404,4.0
290,477,4.0
290,329,4.0
290,1517,4.0
290,944,4.0
290,518,4.0
290,945,4.0
290,730,4.0
290,3540,4.0
290,731,4.5
290,2023,4.0
290,481,4.0
290,4405,4.0
290,953,4.5
290,489,4.0
290,4372,4.0
290,3398,4.5
290,983,4.0
290,984,4.0
290,985,4.0
290,1135,4.0
290,987,4.0
290,496,4.0
290,747,4.5
290,1138,4.5
290,626,4.0
290,2229,4.0
290,1780,4.0
290,761,4.0
290,2818,4.0
290,506,4.0
290,764,4.0
290,2050,4.0
290,1781,4.0
290,1315,4.0
290,1860,4.0
290,1530,4.5
290,769,4.5
290,2663,4.0
290,204,4.0
290,777,4.5
290,4406,4.0
290,1159,4.0
290,1679,4.0
290,2833,4.0
290,698,4.0
290,4407,4.0
290,2384,4.0
290,545,4.0
290,1003,4.0
290,1682,4.0
290,1539,4.0
290,789,4.0
290,790,4.0
290,1683,4.0
290,795,4.5
290,678,4.0
290,2239,4.0
290,699,4.0
290,549,4.0
290,4408,4.0
290,633,4.0
290,1800,4.0
290,1801,4.0
290,1802,4.0
290,801,4.5
290,1178,4.0
290,4409,4.0
290,1323,4.5
290,2101,4.0
290,805,4.5
290,806,4.5
290,556,4.0
290,635,4.0
290,2258,4.0
290,814,4.0
290,815,4.0
290,3222,4.0
290,817,4.5
290,560,4.0
290,3621,4.0
290,823,4.5
290,1022,4.0
290,1185,4.5
290,828,4.0
290,829,4.0
290,4198,4.0
290,645,4.0
291,28,4.0
291,1233,4.0
291,1235,4.0
292,1702,4.0
292,1476,4.0
292,13,5.0
292,339,4.0
292,1293,4.0
292,403,4.0
292,240,4.0
292,16,5.0
292,18,4.0
292,242,4.0
292,3439,5.0
292,702,4.0
292,1459,4.0
292,19,5.0
292,1202,4.0
292,2670,4.0
292,849,4.0
292,30,4.0
292,1271,4.0
292,3405,4.0
292,32,4.0
292,615,5.0
292,1223,4.0
292,255,4.0
292,3772,4.0
292,3011,4.0
292,262,4.0
292,2568,4.0
292,4410,4.0
292,4217,5.0
292,56,4.0
292,57,4.0
292,58,4.0
292,1163,5.0
292,61,4.0
292,1273,4.0
292,682,4.0
292,662,4.0
292,1096,4.0
292,72,5.0
292,274,4.0
292,710,4.0
292,711,4.0
292,862,4.0
292,712,4.0
292,1484,4.0
292,863,5.0
292,1071,4.0
292,1698,4.0
292,79,4.0
292,958,4.0
292,83,4.0
292,1363,4.0
292,87,5.0
292,4411,4.0
292,281,5.0
292,2325,5.0
292,583,4.0
292,1033,4.0
292,96,4.0
292,618,4.0
292,1884,4.0
292,1494,4.0
292,106,4.0
292,111,4.0
292,1592,5.0
292,4412,4.0
292,688,4.0
292,1169,5.0
292,1374,4.0
292,4413,4.0
292,1375,4.0
292,4356,4.0
292,127,4.0
292,873,4.0
292,874,4.0
292,1499,4.0
292,3014,4.0
292,4414,4.0
292,134,4.0
292,136,4.0
292,1380,4.0
292,143,4.0
292,144,4.0
292,916,4.0
292,4415,4.0
292,3169,4.0
292,153,4.0
292,1393,5.0
292,879,4.0
292,881,4.0
292,4416,5.0
292,4417,4.0
292,171,5.0
292,667,5.0
292,175,4.0
292,3367,4.0
292,1399,4.0
292,4418,5.0
292,176,4.0
292,1170,4.0
292,4419,4.0
292,1408,4.0
292,888,4.0
292,922,4.0
292,889,5.0
292,4420,5.0
292,1411,5.0
292,2156,4.0
293,1047,5.0
293,4,5.0
293,1476,5.0
293,339,5.0
293,402,5.0
293,17,4.5
293,703,5.0
293,615,4.5
293,256,4.0
293,50,5.0
293,654,5.0
293,62,4.5
293,682,4.5
293,276,4.0
293,1360,5.0
293,124,5.0
293,163,4.5
293,1953,5.0
293,670,4.5
293,671,4.5
293,693,4.0
293,201,4.5
293,1043,4.5
293,762,5.0
293,206,5.0
293,208,5.0
294,4,5.0
294,6,5.0
294,339,4.5
294,402,5.0
294,16,5.0
294,22,4.5
294,681,5.0
294,200,5.0
294,100,4.5
294,716,5.0
294,139,4.5
294,163,5.0
294,1892,5.0
294,482,4.5
294,1172,4.5
294,3830,5.0
294,676,4.5
294,3608,5.0
294,208,5.0
294,4421,4.5
294,4422,4.5
295,2,5.0
295,3,4.0
295,4,5.0
295,610,4.0
295,647,4.0
295,238,5.0
295,15,4.0
295,20,4.0
295,3629,4.0
295,28,4.0
295,30,4.0
295,1223,4.0
295,1712,4.0
295,50,5.0
295,1880,4.0
295,572,4.0
295,82,4.0
295,84,4.0
295,87,5.0
295,2637,4.0
296,349,4.0
296,354,4.0
296,3,4.0
296,513,4.0
296,13,4.0
296,339,4.5
296,21,4.0
296,648,4.5
296,571,4.0
296,2745,4.0
296,615,5.0
296,464,4.0
296,50,4.0
296,54,4.0
296,654,4.0
296,56,4.0
296,58,4.5
296,616,4.0
296,681,4.0
296,60,4.0
296,61,4.5
296,62,4.0
296,63,4.0
296,65,4.0
296,68,4.0
296,659,4.0
296,1055,4.0
296,73,4.0
296,274,4.0
296,75,4.0
296,864,4.0
296,87,5.0
296,1586,4.0
296,1111,4.0
296,3643,4.0
296,287,4.0
296,4011,4.0
296,139,4.0
296,150,4.0
296,155,4.0
296,158,4.0
296,2759,4.0
296,163,5.0
296,722,4.0
296,1284,4.0
296,1421,4.0
296,1516,4.0
296,479,4.0
296,482,4.0
296,484,4.0
296,2603,4.5
296,201,4.0
296,492,4.0
296,1991,4.0
296,1043,4.0
296,4423,4.0
296,1070,4.0
296,1772,4.0
296,1773,4.0
296,4424,4.0
296,1569,4.0
296,675,4.0
296,1143,4.0
296,4425,4.0
296,4147,4.0
296,1671,4.0
296,2826,4.0
296,1152,4.0
296,1001,4.5
296,4291,4.0
296,2829,4.0
296,3253,4.0
296,4005,4.0
296,3215,4.0
296,1177,4.0
296,2081,4.0
296,4168,4.0
296,211,4.0
296,2099,4.0
296,1009,4.0
296,1870,4.0
296,1807,4.0
296,823,4.0
296,641,4.0
296,2917,4.0
297,58,4.0
297,685,4.0
297,1275,4.0
297,715,4.0
297,1277,4.0
297,1589,4.0
297,151,4.0
297,599,4.0
297,621,5.0
297,623,4.0
297,187,5.0
297,600,4.0
297,1249,4.0
297,601,4.0
297,196,4.0
298,402,4.0
298,16,4.0
298,22,5.0
298,28,4.0
298,2111,5.0
298,100,4.0
298,716,5.0
298,124,4.0
298,139,4.0
298,155,5.0
298,163,4.5
298,1039,4.0
298,671,4.0
298,735,4.5
298,693,5.0
298,1042,5.0
298,744,5.0
298,676,5.0
298,1159,4.0
298,208,4.0
298,2136,5.0
298,552,4.0
298,638,5.0
298,2891,4.0
298,2892,5.0
298,214,4.5
298,640,5.0
299,955,4.0
299,350,4.0
299,332,4.0
299,334,4.5
299,3,4.5
299,4,4.5
299,370,4.0
299,2294,4.0
299,509,4.0
299,11,4.0
299,339,4.5
299,1214,4.0
299,15,4.0
299,16,4.0
299,422,4.0
299,20,4.0
299,22,4.5
299,434,4.0
299,457,4.0
299,53,4.0
299,654,4.5
299,269,4.5
299,1352,4.0
299,82,4.5
299,1364,4.0
299,581,4.5
299,715,4.5
299,123,4.0
299,124,4.5
299,155,4.0
299,187,4.5
299,319,4.0
299,605,4.5
299,322,4.0
299,670,4.0
299,475,4.0
299,329,4.0
299,478,4.0
299,671,4.0
299,480,4.5
299,731,4.0
299,483,4.5
299,485,4.0
299,737,4.5
299,489,4.0
299,201,4.5
299,744,4.5
299,4426,4.0
299,986,4.0
299,501,4.0
299,1140,4.5
299,1310,4.0
299,994,4.0
299,1313,4.0
299,203,4.5
299,628,5.0
299,1655,4.0
299,769,4.0
299,1044,5.0
299,1045,4.5
299,3601,4.0
300,2288,4.0
300,350,5.0
300,332,4.0
300,607,5.0
300,334,4.0
300,3,5.0
300,335,5.0
300,6,4.0
300,370,5.0
300,13,5.0
300,339,5.0
300,20,4.0
300,21,5.0
300,571,4.0
300,30,5.0
300,3558,4.0
300,444,4.0
300,1704,4.0
300,615,5.0
300,58,5.0
300,682,5.0
301,571,5.0
301,53,5.0
301,56,5.0
301,616,5.0
301,61,5.0
301,63,5.0
301,68,5.0
301,710,5.0
301,572,5.0
301,712,5.0
301,1276,4.0
301,958,5.0
301,139,5.0
301,144,5.0
301,300,5.0
301,169,5.0
301,885,4.0
301,890,4.0
301,186,5.0
301,191,5.0
301,192,5.0
301,196,5.0
301,947,5.0
301,1523,4.0
301,2203,4.0
301,487,5.0
302,0,5.0
302,344,4.0
302,346,4.0
302,955,4.0
302,347,5.0
302,894,4.0
302,332,4.0
302,354,4.0
302,357,5.0
302,335,4.0
302,361,5.0
302,3172,4.0
302,3557,4.0
302,363,5.0
302,6,5.0
302,4122,4.0
302,373,5.0
302,7,4.0
302,460,4.0
302,376,4.0
302,509,4.0
302,1448,4.0
302,1200,5.0
302,388,4.0
302,2622,4.0
302,13,5.0
302,337,4.0
302,608,4.0
302,647,4.0
302,339,5.0
302,398,4.0
302,402,4.0
302,403,4.0
302,4127,4.0
302,15,4.0
302,16,5.0
302,512,5.0
302,242,4.0
302,416,4.0
302,420,5.0
302,20,5.0
302,340,5.0
302,21,4.0
302,426,4.0
302,2301,5.0
302,22,5.0
302,570,5.0
302,614,4.0
302,648,4.0
302,24,4.0
302,1771,4.0
302,246,4.0
302,571,5.0
302,26,5.0
302,28,4.0
302,343,5.0
302,434,4.0
302,4427,4.0
302,439,4.0
302,462,4.0
302,1548,4.0
302,3558,4.0
302,247,4.0
302,32,4.0
302,444,4.0
302,446,4.0
302,252,4.0
302,464,4.0
302,4428,4.0
302,38,5.0
302,3349,4.0
302,41,4.0
302,900,4.0
302,901,4.0
302,679,4.0
302,47,4.0
302,48,4.0
302,858,5.0
302,53,5.0
302,465,4.0
302,55,4.0
302,56,5.0
302,57,5.0
302,58,5.0
302,616,4.0
302,656,5.0
302,61,5.0
302,63,4.0
302,64,4.0
302,68,5.0
302,1164,5.0
302,659,4.0
302,271,5.0
302,70,5.0
302,71,5.0
302,72,4.0
302,75,5.0
302,861,4.0
302,1190,4.0
302,1352,4.0
302,1549,4.0
302,710,5.0
302,1483,4.0
302,711,4.0
302,862,5.0
302,712,5.0
302,1484,5.0
302,863,5.0
302,903,4.0
302,2573,5.0
302,1275,4.0
302,1071,4.0
302,1485,5.0
302,276,5.0
302,1359,4.0
302,79,4.0
302,864,4.0
302,81,4.0
302,82,4.0
302,958,5.0
302,466,5.0
302,578,4.0
302,467,5.0
302,4429,4.0
302,617,4.0
302,1490,4.0
302,1235,4.0
302,4430,5.0
302,905,4.0
302,200,4.0
302,580,5.0
302,3231,5.0
302,88,4.0
302,1098,4.0
302,528,4.0
302,1493,4.0
302,1246,4.0
302,469,4.0
302,100,5.0
302,116,4.0
302,3577,4.0
302,1601,4.0
302,4243,5.0
302,873,4.0
302,961,4.0
302,1499,4.0
302,4244,4.0
302,1115,4.0
302,1500,5.0
302,4431,4.0
302,4432,4.0
302,139,4.0
302,1381,4.0
302,143,5.0
302,152,4.0
302,471,5.0
302,3366,5.0
302,885,5.0
302,199,4.0
303,349,4.5
303,354,5.0
303,3,4.0
303,4,5.0
303,1476,5.0
303,371,4.0
303,9,5.0
303,509,4.0
303,513,4.0
303,12,4.5
303,13,5.0
303,339,5.0
303,402,5.0
303,409,4.5
303,16,4.5
303,512,5.0
303,414,4.0
303,415,4.0
303,702,5.0
303,20,4.0
303,340,4.0
303,22,5.0
303,648,4.0
303,703,5.0
303,571,5.0
303,26,4.5
303,28,5.0
303,462,4.0
303,3405,4.0
303,32,4.0
303,463,4.0
303,704,5.0
303,444,4.5
303,615,5.0
303,251,4.5
303,253,4.5
303,1696,4.5
303,34,5.0
303,464,4.0
303,1162,4.0
303,1576,4.0
303,3773,5.0
303,679,4.0
303,48,5.0
303,263,4.0
303,50,5.0
303,51,5.0
303,2568,4.0
303,2751,5.0
303,654,5.0
303,56,5.0
303,57,4.5
303,655,4.0
303,681,5.0
303,267,5.0
303,59,5.0
303,656,4.5
303,61,5.0
303,62,5.0
303,63,4.0
303,1273,4.0
303,268,5.0
303,64,5.0
303,682,5.0
303,65,5.0
303,269,5.0
303,1052,5.0
303,684,5.0
303,709,4.0
303,659,5.0
303,270,5.0
303,660,4.0
303,2112,5.0
303,685,5.0
303,271,4.5
303,662,4.5
303,1096,5.0
303,272,4.0
303,71,5.0
303,1165,5.0
303,73,5.0
303,3571,5.0
303,466,4.5
303,467,5.0
303,84,4.0
303,1235,4.0
303,200,4.0
303,87,4.5
303,2325,5.0
303,94,5.0
303,715,4.0
303,285,5.0
303,4433,5.0
303,96,4.0
303,1246,5.0
303,2150,5.0
303,619,5.0
303,98,4.0
303,100,4.0
303,105,4.0
303,1594,5.0
303,2221,5.0
303,121,5.0
303,218,5.0
303,1372,5.0
303,716,5.0
303,124,5.0
303,1723,4.0
303,717,5.0
303,2695,5.0
303,139,5.0
303,1381,4.0
303,147,4.5
303,1609,5.0
303,470,5.0
303,150,4.5
303,963,4.0
303,151,4.0
303,152,4.5
303,299,4.0
303,300,5.0
303,1386,4.5
303,918,5.0
303,155,5.0
303,879,5.0
303,159,4.0
303,719,5.0
303,163,4.5
303,164,5.0
303,4434,5.0
303,165,4.5
303,689,5.0
303,174,5.0
303,2586,5.0
303,721,5.0
303,889,5.0
303,621,4.0
303,3464,5.0
303,186,4.0
303,1121,5.0
303,187,5.0
303,190,4.0
303,691,5.0
303,927,4.0
303,972,5.0
303,472,5.0
303,473,4.0
303,624,5.0
303,319,4.0
303,724,4.0
303,605,5.0
303,1301,4.5
303,322,4.5
303,2592,4.0
303,1123,5.0
303,325,4.5
303,725,4.0
303,2658,4.5
303,1515,4.0
303,476,4.0
303,3532,4.0
303,1894,4.5
303,1124,5.0
303,478,4.0
303,671,5.0
303,479,5.0
303,480,5.0
303,1125,4.5
303,4435,4.0
303,945,4.0
303,482,5.0
303,1552,4.0
303,484,5.0
303,525,4.5
303,485,5.0
303,693,5.0
303,737,5.0
303,1171,5.0
303,3549,4.0
303,1641,4.5
303,4236,4.5
303,3398,4.5
303,4436,5.0
303,201,5.0
303,531,4.0
303,1983,4.0
303,2204,4.5
303,2780,5.0
303,491,4.5
303,492,5.0
303,4437,4.0
303,2180,5.0
303,2610,4.5
303,1043,5.0
303,4272,5.0
303,696,5.0
303,3816,5.0
303,1918,4.0
303,4163,4.0
303,2226,4.0
303,495,4.0
303,4438,4.0
303,989,5.0
303,2227,4.5
303,1648,4.0
303,4439,4.0
303,4440,5.0
303,675,4.5
303,1263,4.5
303,1140,4.5
303,1141,5.0
303,753,4.0
303,3830,4.0
303,2207,5.0
303,697,4.5
303,1777,5.0
303,1310,5.0
303,1142,4.0
303,540,5.0
303,1311,4.0
303,503,4.0
303,754,5.0
303,4441,4.0
303,4442,4.0
303,758,4.5
303,994,4.0
303,1146,5.0
303,761,5.0
303,762,5.0
303,4443,4.0
303,2231,4.0
303,4444,4.0
303,1554,5.0
303,1662,5.0
303,996,5.0
303,1147,5.0
303,676,5.0
303,203,4.5
303,1664,5.0
303,1149,4.5
303,1665,4.0
303,4347,4.0
303,1667,4.0
303,4445,4.0
303,767,4.0
303,2233,4.0
303,1669,5.0
303,2059,4.5
303,2820,4.5
303,2821,4.0
303,2061,4.0
303,1316,5.0
303,769,4.0
303,1673,5.0
303,1675,4.0
303,771,5.0
303,2822,5.0
303,773,5.0
303,1044,4.0
303,1785,5.0
303,4446,4.5
303,1656,5.0
303,1045,4.5
303,1152,4.0
303,775,5.0
303,776,4.0
303,3249,4.5
303,204,5.0
303,1786,4.0
303,1000,4.0
303,777,4.5
303,4167,4.0
303,677,5.0
303,2739,4.0
303,1156,4.0
303,1677,5.0
303,4447,5.0
303,4071,4.0
303,1159,5.0
303,4448,5.0
303,4449,5.0
303,629,5.0
303,2074,5.0
303,1790,4.5
303,2286,4.0
303,2287,4.5
303,3608,5.0
303,2835,5.0
303,4450,4.0
303,4149,5.0
303,782,5.0
303,4451,5.0
303,2836,4.0
303,206,5.0
303,4452,4.0
303,1177,4.0
303,785,4.0
303,698,4.0
303,1161,4.0
303,545,5.0
303,1680,5.0
303,4293,5.0
303,1681,5.0
303,4453,4.0
303,1080,4.5
303,2706,4.0
303,2236,4.0
303,4454,4.0
303,4455,4.0
303,1682,5.0
303,4456,4.0
303,4457,4.0
303,3611,5.0
303,789,4.5
303,790,4.0
303,791,5.0
303,2841,4.5
303,792,5.0
303,4458,4.0
303,2327,4.0
303,1683,4.0
303,794,4.5
303,208,5.0
303,4459,4.0
303,4460,4.5
303,4169,4.0
303,4294,5.0
303,699,5.0
303,209,4.0
303,4461,4.0
303,549,4.0
303,1540,4.0
303,4154,4.0
303,2096,5.0
303,632,4.5
303,4072,4.0
303,4462,4.0
303,4463,5.0
303,1323,4.5
303,3261,4.0
303,550,4.0
303,1804,4.0
303,803,4.0
303,4464,4.0
303,1868,4.5
303,4465,4.0
303,4176,5.0
303,551,5.0
303,1009,4.0
303,4466,4.0
303,552,5.0
303,3265,4.0
303,4467,4.0
303,4468,4.5
303,1180,4.5
303,4469,4.0
303,3959,5.0
303,2251,5.0
303,4470,4.0
303,1010,4.5
303,3058,4.0
303,3219,5.0
303,2866,4.5
303,1933,4.5
303,812,5.0
303,815,4.5
303,2105,4.0
303,3221,5.0
303,3222,4.0
303,558,4.0
303,4471,4.0
303,1016,5.0
303,4472,5.0
303,4473,5.0
303,1017,4.0
303,3432,4.0
303,1544,4.5
303,560,4.0
303,213,4.0
303,1328,5.0
303,2880,5.0
303,819,5.0
303,1687,4.0
303,2890,4.0
303,1688,4.5
303,214,5.0
303,4474,5.0
303,823,4.5
303,4475,4.0
303,4476,4.0
303,1819,5.0
303,1823,4.0
303,825,5.0
303,826,5.0
303,4477,4.0
303,1186,5.0
303,1084,4.5
303,1085,4.5
303,1555,4.0
303,1828,4.0
303,4478,4.0
303,4479,4.0
303,567,4.0
303,4480,5.0
303,4481,4.5
303,1027,4.0
303,4482,4.5
303,4483,4.0
303,4484,5.0
303,4485,5.0
303,4486,4.5
303,2955,4.0
303,4487,4.5
303,1029,4.0
303,844,4.5
303,1841,4.5
303,3756,4.0
303,1089,5.0
304,4488,4.0
304,1977,4.0
304,737,4.0
304,4489,5.0
304,2048,4.0
304,677,5.0
304,545,4.0
304,546,5.0
304,1684,4.0
304,2137,4.0
304,1323,4.0
304,3058,4.0
304,1183,4.0
304,4490,5.0
304,2260,4.0
304,1016,4.0
304,560,4.0
304,3068,4.0
304,1022,4.0
304,4491,4.5
304,2140,4.0
304,4492,4.0
304,1690,5.0
304,643,4.0
304,4493,4.5
304,1028,4.0
304,2527,4.0
304,4494,4.0
304,4495,4.0
304,3115,4.0
304,1836,4.0
304,4496,4.0
304,1843,4.0
304,2667,4.0
305,0,4.0
305,349,4.5
305,1475,4.0
305,3,4.0
305,4,4.5
305,5,4.5
305,701,4.0
305,10,4.0
305,513,4.0
305,610,4.0
305,339,4.5
305,402,4.5
305,1268,4.0
305,409,4.5
305,16,4.0
305,1216,4.0
305,22,4.5
305,25,4.5
305,246,4.0
305,27,4.0
305,28,4.5
305,1877,4.0
305,1471,5.0
305,1188,4.0
305,615,4.5
305,253,4.0
305,254,4.0
305,2748,4.0
305,1696,4.0
305,34,5.0
305,35,4.0
305,900,4.0
305,43,5.0
305,44,4.0
305,901,4.0
305,48,4.0
305,263,4.0
305,50,4.0
305,4497,4.5
305,58,4.0
305,681,4.0
305,62,4.0
305,1273,5.0
305,682,4.5
305,659,4.5
305,662,4.0
305,686,4.0
305,71,4.0
305,3140,4.0
305,1880,4.0
305,1881,4.0
305,2561,4.0
305,1698,4.0
305,598,4.5
305,1362,4.0
305,1233,4.0
305,1235,4.0
305,713,4.0
305,87,4.0
305,1491,4.0
305,95,4.0
305,285,4.5
305,96,4.0
305,97,4.0
305,2007,4.5
305,119,4.0
305,218,4.0
305,123,4.0
305,124,5.0
305,3881,4.0
305,128,4.0
305,143,4.0
305,150,4.0
305,155,4.0
305,304,4.0
305,163,4.0
305,720,4.0
305,174,4.0
305,1399,4.0
305,889,4.0
305,1121,5.0
305,190,4.0
305,194,4.0
305,317,5.0
305,624,4.0
305,935,4.5
305,670,4.0
305,324,5.0
305,325,4.0
305,725,4.0
305,2108,4.0
305,4498,4.0
305,1894,4.0
305,1124,5.0
305,2281,4.0
305,939,4.5
305,1073,4.5
305,4499,4.0
305,4500,4.0
305,730,4.0
305,4501,4.0
305,1522,4.0
305,482,4.0
305,2777,4.0
305,694,4.0
305,1042,4.0
305,4021,4.0
305,2606,4.0
305,739,4.0
305,4268,4.0
305,3506,4.0
305,744,5.0
305,4239,4.0
305,4240,4.0
305,1772,4.0
305,2033,4.0
305,1924,4.5
305,1648,5.0
305,3318,4.0
305,2036,4.5
305,4502,4.0
305,4503,4.5
305,1777,4.5
305,540,4.0
305,4164,4.0
305,4504,4.5
305,758,4.0
305,541,4.5
305,3320,4.5
305,760,4.0
305,1859,4.0
305,1313,4.0
305,1554,4.0
305,1663,4.0
305,4146,4.5
305,1147,4.5
305,203,4.5
305,1149,4.5
305,1536,5.0
305,2233,4.0
305,4505,4.0
305,1669,4.0
305,4506,4.0
305,768,4.5
305,4507,4.0
305,1654,4.0
305,2060,4.5
305,4508,4.0
305,1530,4.0
305,3031,4.0
305,4509,4.5
305,2061,4.0
305,1316,4.5
305,4510,4.5
305,1671,4.0
305,1674,4.5
305,1317,4.0
305,2661,4.0
305,3212,4.0
305,4511,4.0
305,1318,4.0
305,772,4.0
305,773,4.5
305,1044,4.5
305,2066,4.5
305,1656,4.5
305,774,4.5
305,1045,4.0
305,4512,4.0
305,204,4.5
305,1000,4.0
305,2703,4.0
305,777,5.0
305,677,5.0
305,1658,4.0
305,1788,4.0
305,1677,4.0
305,4087,4.0
305,1790,4.5
305,3038,4.0
305,4513,4.0
305,4514,4.0
305,1320,4.5
305,4515,4.0
305,2078,4.5
305,545,5.0
305,1680,5.0
306,895,4.0
306,17,4.0
306,1456,4.0
306,900,4.0
306,55,4.0
306,57,4.5
306,709,5.0
306,1597,4.5
306,477,4.0
306,482,4.0
306,483,5.0
306,484,4.0
306,737,4.0
306,987,5.0
306,501,4.0
306,994,5.0
306,1779,4.0
306,1315,4.0
306,1655,5.0
306,1656,5.0
306,204,4.0
306,677,4.0
306,698,4.0
306,789,4.0
306,1683,4.5
306,3957,5.0
306,803,4.5
306,1182,5.0
306,3934,5.0
306,3936,5.0
307,4,4.5
307,402,4.0
307,22,4.0
307,250,4.5
307,252,4.0
307,253,4.0
307,1091,4.0
307,256,5.0
307,651,4.5
307,34,4.5
307,259,4.0
307,857,4.0
307,1162,4.0
307,3570,4.5
307,4516,4.0
307,50,4.0
307,2111,5.0
307,58,4.0
307,681,4.5
307,267,5.0
307,1163,4.0
307,684,4.0
307,270,5.0
307,1096,4.5
307,70,4.5
307,1165,4.0
307,664,4.0
307,273,5.0
307,1582,4.0
307,1275,4.0
307,1229,4.5
307,1235,4.0
307,2653,4.0
307,1758,4.0
307,4517,4.0
307,3339,5.0
307,469,5.0
307,100,4.5
307,3147,4.5
307,289,4.0
307,1722,5.0
307,716,4.5
307,125,4.5
307,139,4.0
307,3152,4.0
307,159,4.0
307,4518,4.0
307,1737,4.0
307,319,4.0
307,3333,4.0
307,726,4.0
307,4519,4.0
307,477,4.0
307,479,4.5
307,728,4.5
307,4520,4.0
307,484,4.0
307,4521,4.0
307,4019,4.0
307,4522,4.0
307,1983,4.0
307,491,4.0
307,492,4.5
307,4027,4.5
307,4523,4.5
307,4242,4.0
307,4524,4.0
307,2182,4.0
307,1069,4.0
307,4163,4.0
307,1140,4.0
307,753,4.0
308,335,4.5
308,1201,4.0
308,570,4.5
308,32,4.0
308,650,5.0
308,463,4.0
308,253,5.0
308,653,5.0
308,4217,4.0
308,58,4.0
308,1163,5.0
308,657,5.0
308,1053,5.0
308,659,4.5
308,1583,5.0
308,1071,4.0
308,3325,4.0
308,80,4.0
308,1168,5.0
308,872,4.0
308,3895,4.5
308,4310,4.0
308,470,4.0
308,159,5.0
308,4525,4.5
308,623,4.5
308,927,4.0
308,319,4.0
308,478,4.0
308,480,4.0
308,4526,5.0
308,2650,4.5
308,4527,4.5
308,1128,4.5
308,1641,4.0
308,1042,5.0
308,490,5.0
308,1983,4.0
308,4528,4.5
309,685,4.0
309,123,4.0
309,3316,4.5
309,3397,4.0
310,2,4.0
310,349,4.0
310,354,4.0
310,6,4.0
310,646,5.0
310,336,4.0
310,511,4.0
310,13,5.0
310,16,4.0
310,20,4.0
310,2719,4.0
310,22,5.0
310,648,5.0
310,571,4.0
310,30,4.0
310,1269,4.0
310,4529,4.0
310,463,5.0
310,1936,4.0
310,855,5.0
310,253,4.0
310,256,5.0
310,464,5.0
310,3773,5.0
310,261,4.0
310,50,4.0
310,51,4.0
310,1752,4.0
310,53,5.0
310,54,4.0
310,4530,4.0
310,1051,5.0
310,2751,5.0
310,1713,5.0
310,56,5.0
310,655,4.0
310,616,4.0
310,1163,5.0
310,59,5.0
310,60,5.0
310,61,5.0
310,706,4.0
310,63,4.0
310,1273,5.0
310,268,5.0
310,65,5.0
310,66,4.0
310,1053,4.0
310,68,4.0
310,660,5.0
310,2112,4.0
310,1165,4.0
310,73,4.0
310,2754,5.0
310,76,4.0
310,2570,4.0
310,3571,4.0
310,4531,4.0
310,4386,4.0
310,77,5.0
310,572,4.0
310,711,4.0
310,862,4.0
310,712,4.0
310,1275,5.0
310,1194,4.0
310,573,4.0
310,466,4.0
310,84,4.0
310,516,4.0
310,1586,4.0
310,1493,4.0
310,1111,4.0
310,1699,4.0
310,1277,4.0
310,1589,5.0
310,1884,5.0
310,3328,4.0
310,619,4.0
310,98,4.0
310,100,4.0
310,870,4.0
310,1034,5.0
310,289,4.0
310,290,4.0
310,218,4.0
310,126,4.0
310,1101,4.0
310,137,4.0
310,1761,4.0
310,2688,4.0
310,144,4.0
310,151,4.0
310,917,4.0
310,299,4.0
310,1391,4.0
310,158,4.0
310,2637,4.0
310,881,4.0
310,3660,4.0
310,164,4.0
310,884,4.0
310,720,4.0
310,174,4.0
310,3233,4.0
310,890,5.0
310,2326,4.0
310,621,4.0
310,4259,4.0
310,191,4.0
310,192,5.0
310,2767,5.0
310,1627,4.0
310,1416,4.0
310,1038,4.0
310,2157,5.0
310,2592,5.0
310,4532,4.0
310,1891,4.0
310,476,4.0
310,1631,5.0
310,625,4.0
310,4533,4.0
310,1124,4.0
310,943,4.0
310,1897,5.0
310,947,4.0
310,481,4.0
310,4534,4.0
310,520,4.0
310,4161,4.0
310,4535,4.0
310,2165,4.0
310,3003,4.0
310,524,4.0
310,3004,4.0
310,484,5.0
310,525,5.0
310,485,4.0
310,486,4.0
311,955,4.0
311,1047,4.0
311,354,4.0
311,585,4.0
311,3,5.0
311,4,5.0
311,1476,4.0
311,5,5.0
311,3337,4.0
311,3165,4.0
311,513,5.0
311,511,4.0
311,647,4.0
311,339,5.0
311,400,4.0
311,4536,4.0
311,409,4.0
311,416,5.0
311,1342,4.0
311,648,5.0
311,571,5.0
311,27,5.0
311,28,5.0
311,30,4.0
311,1271,5.0
311,1472,4.0
311,463,5.0
311,615,5.0
311,1223,5.0
311,1695,5.0
311,3773,5.0
311,3445,4.0
311,679,4.0
311,1482,4.0
311,1226,5.0
311,47,4.0
311,50,5.0
311,2568,5.0
311,56,4.0
311,58,5.0
311,655,5.0
311,616,5.0
311,60,4.0
311,62,5.0
311,63,4.0
311,1273,5.0
311,682,4.0
311,65,5.0
311,1578,5.0
311,68,5.0
311,1110,4.0
311,685,5.0
311,662,4.0
311,70,4.0
311,1055,5.0
311,72,5.0
311,860,5.0
311,75,4.0
311,1582,4.0
311,3140,4.0
311,4386,4.0
311,1881,4.0
311,1584,4.0
311,711,4.0
311,712,4.0
311,2626,4.0
311,1194,4.0
311,1276,5.0
311,275,5.0
311,1754,4.0
311,79,4.0
311,1715,4.0
311,958,4.0
311,83,5.0
311,597,4.0
311,1489,5.0
311,4537,4.0
311,578,4.0
311,86,5.0
311,598,4.0
311,617,4.0
311,1490,4.0
311,3167,4.0
311,87,4.0
311,1586,4.0
311,1237,5.0
311,584,5.0
311,95,4.0
311,1589,5.0
311,1884,4.0
311,3328,4.0
311,1759,5.0
311,1112,4.0
311,100,5.0
311,4538,4.0
311,286,4.0
311,113,5.0
311,2576,5.0
311,2578,5.0
311,870,5.0
311,1594,5.0
311,4539,4.0
311,4540,5.0
311,960,4.0
311,4541,4.0
311,132,4.0
311,295,5.0
311,1502,4.0
311,137,5.0
311,3781,5.0
311,4401,4.0
311,138,5.0
311,3896,4.0
311,139,5.0
311,1248,4.0
311,1503,5.0
311,299,4.0
311,155,4.0
311,2580,5.0
311,1390,4.0
311,156,4.0
311,1612,4.0
311,160,4.0
311,162,4.0
311,163,5.0
311,881,4.0
311,164,4.0
311,168,4.0
311,1731,5.0
311,720,4.0
311,2584,5.0
311,885,4.0
311,1401,4.0
311,1955,5.0
311,186,5.0
311,1121,4.0
311,2587,5.0
311,187,5.0
311,971,4.0
311,189,4.0
311,3499,5.0
311,4245,5.0
311,191,4.0
311,192,5.0
311,3330,5.0
311,2588,4.0
311,2589,5.0
311,194,5.0
311,4542,5.0
311,604,5.0
311,1623,4.0
311,1250,5.0
311,1627,5.0
311,198,5.0
311,2592,4.0
311,1891,4.0
311,4543,5.0
311,4544,4.0
311,670,4.0
311,1965,4.0
311,221,4.0
311,3335,4.0
311,1039,4.0
311,1634,4.0
311,4545,5.0
311,3697,5.0
311,3537,4.0
311,479,5.0
311,1125,5.0
311,1896,5.0
311,3794,4.0
311,4546,4.0
311,4435,5.0
311,730,4.0
311,947,4.0
311,4161,4.0
311,3799,5.0
311,4547,4.0
312,346,4.0
312,347,5.0
312,350,4.0
312,353,4.0
312,4,4.0
312,361,4.0
312,6,4.0
312,373,4.0
312,388,4.0
312,13,5.0
312,4125,4.0
312,398,4.0
312,402,5.0
312,16,4.0
312,512,4.0
312,413,4.0
312,611,4.0
312,1202,5.0
312,2301,4.0
312,22,5.0
312,4548,4.0
312,614,4.0
312,433,4.0
312,571,5.0
312,439,5.0
312,247,4.0
312,4339,4.0
312,32,4.0
312,464,5.0
312,70,4.0
312,1194,4.0
313,3438,4.0
313,3353,4.0
313,252,4.0
313,2748,5.0
313,901,4.0
313,262,4.0
313,656,5.0
313,659,5.0
313,1556,4.0
313,1096,4.0
313,664,4.0
313,284,4.0
313,1720,4.0
314,2289,4.5
314,239,4.0
314,1268,4.5
314,139,4.5
314,155,4.0
314,734,4.0
314,201,4.0
314,744,4.0
315,2,5.0
315,349,5.0
315,354,4.0
315,3,5.0
315,4,5.0
315,6,5.0
315,646,5.0
315,513,4.0
315,13,4.0
315,396,4.0
315,647,5.0
315,339,5.0
315,402,4.0
315,16,5.0
315,702,4.0
315,571,4.0
315,28,5.0
315,30,5.0
315,463,5.0
315,704,5.0
315,615,5.0
315,253,4.0
315,50,5.0
315,616,4.0
315,60,5.0
315,62,4.0
315,268,5.0
315,659,5.0
315,685,5.0
315,276,5.0
315,84,4.0
315,200,5.0
315,581,4.0
315,2325,5.0
315,100,5.0
315,716,5.0
315,124,5.0
315,136,4.0
315,138,5.0
315,139,4.0
315,155,5.0
315,163,5.0
315,174,4.0
315,308,4.0
315,624,4.0
315,605,4.0
315,1301,4.0
315,322,5.0
315,324,4.0
315,725,5.0
315,475,4.0
315,1894,4.0
315,671,5.0
315,1125,5.0
315,1525,5.0
315,485,5.0
315,1907,4.0
315,741,4.0
315,201,5.0
315,742,4.0
315,1172,5.0
315,744,4.0
315,493,5.0
315,747,4.0
315,497,5.0
315,675,5.0
315,1140,5.0
315,753,4.0
315,541,4.0
315,762,4.0
315,203,5.0
315,767,4.0
315,771,4.0
315,772,4.0
315,1044,5.0
315,775,4.0
315,204,4.0
315,1000,4.0
315,1159,4.0
315,2074,5.0
315,206,5.0
315,1177,4.0
315,1081,5.0
315,3614,5.0
315,207,4.0
315,4549,4.0
315,208,4.0
315,699,4.0
315,209,4.0
315,210,5.0
315,2136,4.0
315,700,4.0
315,4550,4.0
315,2137,4.0
315,3261,4.0
315,4551,4.0
315,804,4.0
315,2120,5.0
315,551,4.0
315,1009,4.0
315,1806,5.0
315,2252,4.0
315,1325,4.0
315,1179,4.0
315,636,5.0
315,1327,5.0
315,637,4.0
315,4552,4.0
315,1822,4.0
315,4553,4.0
316,2,4.0
316,354,4.5
316,3,4.0
316,3849,4.5
316,3627,4.5
316,4137,4.5
316,4554,4.0
316,513,4.5
316,610,5.0
316,339,4.5
316,1265,4.5
316,402,4.0
316,404,4.0
316,16,4.5
316,512,4.0
316,17,4.0
316,413,4.5
316,19,4.5
316,1342,4.0
316,21,4.0
316,22,4.0
316,1935,4.0
316,28,4.0
316,30,4.0
316,1269,4.5
316,850,4.0
316,2746,4.5
316,463,4.0
316,704,4.0
316,444,4.0
316,253,4.0
316,514,4.0
316,40,4.0
316,44,4.0
316,679,4.0
316,47,4.5
316,49,4.0
316,50,4.0
316,51,4.0
316,2750,5.0
316,652,4.0
316,654,4.0
316,4217,4.0
316,267,4.0
316,60,4.0
316,61,4.0
316,65,4.0
316,658,4.0
316,708,5.0
316,661,4.0
316,70,4.0
316,3634,4.0
316,1055,5.0
316,3008,4.5
316,2753,4.5
316,74,4.0
316,1192,4.0
316,2573,4.0
316,4555,4.5
316,276,4.0
316,3326,4.0
316,864,4.0
316,81,4.0
316,958,4.0
316,466,4.5
316,598,4.0
316,617,4.0
316,1233,4.0
316,1235,4.5
316,87,4.0
316,1586,4.0
316,1587,4.5
316,2325,5.0
316,99,4.0
316,286,4.0
316,111,4.0
316,118,4.0
316,123,4.0
316,716,4.0
316,2151,4.5
316,130,4.0
316,2758,4.5
316,136,4.0
316,1502,4.0
316,137,4.0
316,138,4.0
316,140,4.0
316,470,4.0
316,150,4.0
316,168,4.0
316,666,4.0
316,1035,4.0
316,4392,4.0
316,4316,4.0
316,171,4.0
316,174,4.0
316,921,4.0
316,175,4.0
316,2689,4.5
316,3459,4.0
316,2154,5.0
316,4556,4.5
316,4557,4.0
316,2326,4.0
316,1766,4.5
316,3669,4.5
316,4558,4.5
316,4059,4.5
316,668,4.5
316,4398,4.0
316,4559,5.0
316,4560,4.0
316,317,4.0
316,4561,4.0
316,3675,4.0
316,318,4.0
316,3676,4.0
316,1627,4.0
316,605,4.0
316,930,4.0
316,933,4.5
316,670,4.0
316,324,4.0
316,4562,5.0
316,2332,4.0
316,1426,4.0
316,4107,4.0
316,4563,4.5
316,3209,4.0
316,4564,5.0
316,1894,4.0
316,1039,4.0
316,2699,4.0
316,331,4.0
316,671,4.0
316,479,4.0
316,3018,4.0
316,729,4.0
316,3706,4.0
316,979,4.0
316,4565,4.0
316,4251,4.0
316,1900,4.5
316,482,4.5
316,1074,4.0
316,1075,4.0
316,4566,4.0
316,524,4.0
316,1552,4.0
316,525,4.0
316,673,4.5
316,485,4.0
316,693,4.0
316,4063,4.0
316,4567,4.0
316,3812,4.0
316,1042,4.0
316,739,4.0
316,740,5.0
316,1129,4.0
316,741,4.0
316,3414,4.0
316,4568,5.0
316,742,4.5
316,4569,4.0
316,4570,4.0
316,4571,4.0
316,744,4.5
316,1563,4.0
316,4572,4.5
316,4573,4.0
316,3816,4.5
316,4574,4.0
316,4575,4.5
316,4576,4.5
316,4577,4.5
316,1924,4.0
316,1534,4.0
316,4144,4.5
316,4578,4.5
316,4579,4.5
316,4580,4.5
316,4581,5.0
316,4582,4.0
316,4583,4.5
316,2797,4.0
316,4584,4.5
316,4585,5.0
316,4586,4.5
316,4587,4.0
316,4588,4.5
316,1857,4.5
316,752,4.0
316,1928,4.5
316,2207,4.5
316,4589,4.0
316,4590,4.5
316,4591,4.0
316,2810,4.5
316,4592,4.0
316,991,4.0
316,1310,4.0
316,540,4.0
316,757,4.5
316,2189,4.0
316,4593,4.0
316,3176,4.0
316,4594,4.0
316,1144,4.0
316,2190,4.0
316,4595,4.0
316,4596,4.0
316,1146,4.5
316,761,4.0
316,762,4.0
316,763,4.0
316,4597,4.5
316,1859,4.0
316,1313,4.5
316,1077,4.5
316,4598,4.0
316,1147,4.0
316,1175,4.0
316,4599,5.0
316,4600,4.0
316,1667,4.0
316,767,4.0
316,4601,4.0
316,4602,4.0
316,4603,4.5
316,4001,4.0
316,4604,4.0
316,4509,4.0
316,1316,4.0
316,769,4.0
316,4605,4.0
316,2062,4.0
316,1317,4.5
316,3212,4.0
316,2285,4.0
316,2822,4.0
316,773,4.0
316,1044,4.0
316,1151,4.0
316,1656,4.0
316,4606,4.0
316,1676,4.0
316,4607,4.5
316,2827,4.0
316,204,4.0
316,3214,4.0
316,677,4.5
316,4608,4.0
316,1156,5.0
316,205,4.0
316,1788,4.0
316,1677,4.0
316,2132,5.0
316,4609,4.0
316,4610,4.5
316,2830,4.0
316,1789,4.0
316,3607,4.0
316,4086,4.0
316,629,4.0
316,4611,4.0
316,4612,4.5
316,4613,4.0
316,4047,4.0
316,4614,4.0
316,1791,4.0
316,1862,4.5
316,783,4.0
316,206,4.0
316,784,4.0
316,1177,4.5
316,545,4.0
316,2838,4.0
316,1002,4.0
316,630,4.0
316,2082,4.0
316,4615,4.0
316,631,4.0
316,4616,4.0
316,4454,4.5
316,4617,4.5
316,2086,4.0
316,4618,4.0
316,4090,4.0
316,1682,4.0
316,4619,4.5
316,4092,4.0
316,788,4.0
316,1081,4.0
316,4620,5.0
316,2707,4.5
316,2323,4.5
316,4621,4.0
316,4457,4.0
316,4622,4.5
316,791,4.0
316,4623,5.0
316,207,4.5
316,4549,4.0
316,4624,4.0
316,2327,4.0
316,4625,4.0
316,1683,4.0
316,794,4.0
316,4626,4.0
316,1863,4.5
316,1864,4.0
316,4627,5.0
316,4628,4.0
316,208,4.0
316,3047,4.0
316,1796,4.0
316,4629,5.0
316,796,4.0
316,4630,4.0
316,210,4.0
316,4631,4.0
316,4632,4.0
316,1865,4.5
316,2093,4.0
316,1798,4.0
316,549,4.0
316,2095,4.0
316,700,5.0
316,2097,4.5
316,4633,4.0
316,4634,5.0
316,4635,4.0
316,2409,4.5
316,633,4.5
316,4636,4.0
316,4072,4.5
316,1800,4.5
316,4637,4.0
316,2848,4.0
316,4638,5.0
316,1866,4.0
316,2099,4.0
316,4639,4.0
316,4156,4.0
316,4640,4.5
316,1008,4.0
316,2101,4.0
316,2246,4.0
316,1867,4.0
316,4641,4.0
316,3932,4.0
316,4174,4.0
316,4642,4.0
316,2712,4.0
316,4643,4.5
316,4644,4.5
316,4645,4.0
316,4178,4.0
316,4646,4.0
316,1570,4.5
316,1180,4.0
316,2741,4.0
316,1010,4.0
316,4647,4.0
316,2252,4.0
316,3056,4.0
316,4648,4.0
316,2863,4.0
316,4649,4.5
316,4650,4.5
316,2866,4.0
316,3220,4.5
316,1933,4.0
316,4651,4.5
316,4652,4.0
316,634,4.0
316,811,4.0
316,812,5.0
316,4653,4.0
316,4654,4.0
316,2869,4.5
316,4655,4.0
316,4656,4.0
316,1810,4.5
316,4657,4.0
316,4658,4.0
316,817,4.0
316,1328,4.0
316,1815,4.0
316,819,4.0
316,638,5.0
316,1820,4.0
316,1330,4.0
316,2717,4.0
316,1331,4.5
316,4659,4.0
316,4660,5.0
316,3195,4.5
316,4661,4.0
316,4662,4.5
316,4663,4.0
316,2900,4.5
316,3742,4.0
316,4664,4.0
316,4665,4.0
316,4666,4.0
316,4667,4.5
316,4668,4.5
316,4669,4.5
316,4670,4.0
316,4671,4.5
316,4672,4.5
316,4673,4.0
316,4674,5.0
316,643,4.5
316,2718,4.0
316,1829,4.5
316,4675,4.0
316,4676,5.0
316,4677,4.5
316,4678,4.5
316,4679,4.0
316,4680,4.0
316,4681,4.5
316,4682,4.5
316,4683,4.0
316,4684,4.5
316,836,4.5
316,4685,4.5
316,841,4.5
316,4686,4.0
316,4687,4.5
316,3963,4.0
316,4688,4.5
316,645,4.0
316,3431,4.0
316,2963,4.5
316,4689,5.0
316,4690,4.0
316,4691,4.5
316,1086,4.5
316,846,4.5
316,4692,5.0
316,4693,5.0
316,4694,4.5
317,6,4.5
317,647,5.0
317,402,4.5
317,16,4.0
317,413,5.0
317,22,5.0
317,246,5.0
317,343,4.0
317,615,5.0
317,256,4.5
317,682,5.0
317,528,4.0
317,139,5.0
317,915,5.0
317,163,4.0
317,531,4.0
317,1308,4.0
317,204,5.0
317,677,5.0
317,1003,4.5
317,208,5.0
317,549,4.0
317,560,4.5
317,2880,4.0
317,638,5.0
317,214,5.0
317,1022,4.5
317,1831,4.5
317,1334,4.5
317,1028,4.5
318,105,4.0
318,1509,4.0
318,3175,4.0
318,950,4.0
318,3313,4.0
318,777,4.0
318,698,4.0
318,1682,4.0
318,789,4.0
319,344,5.0
319,352,4.0
319,370,4.0
319,373,4.0
319,1445,5.0
319,375,4.0
319,510,4.0
319,382,4.0
319,388,4.0
319,586,4.0
319,396,4.0
319,400,4.0
319,401,5.0
319,407,4.0
319,16,5.0
319,413,4.0
319,18,4.0
319,416,5.0
319,422,4.0
319,21,4.0
319,427,4.0
319,27,4.0
319,28,4.0
319,443,4.0
319,444,4.0
319,446,5.0
320,955,4.0
320,347,4.0
320,3,4.0
320,4,4.0
320,373,4.0
320,339,5.0
320,402,4.0
320,30,4.5
320,463,4.0
320,256,5.0
320,1162,4.0
320,49,5.0
320,55,5.0
320,267,4.0
320,70,4.0
320,80,4.0
320,86,5.0
320,584,4.0
320,121,5.0
320,716,4.0
320,125,4.0
320,138,4.0
320,139,4.0
320,149,4.0
320,299,4.0
320,155,4.5
320,163,4.0
320,187,4.0
320,671,4.5
320,1041,4.0
320,739,4.0
320,201,4.0
320,744,4.0
320,1141,4.5
320,762,5.0
320,1313,4.5
320,1314,4.0
320,2192,4.0
320,1656,5.0
321,344,4.0
321,4,4.5
321,1270,4.0
321,511,4.0
321,13,4.5
321,339,4.0
321,402,5.0
321,413,4.0
321,243,4.0
321,1202,4.0
321,22,4.5
321,849,4.0
321,1220,5.0
321,246,4.0
321,1752,4.0
321,266,4.0
321,56,4.5
321,1071,4.0
321,4695,4.0
321,2891,4.5
321,823,4.0
321,1330,4.0
321,826,4.5
321,827,4.0
322,30,5.0
322,615,4.0
322,4696,4.0
322,3989,4.0
322,317,4.0
322,2324,4.0
322,3673,4.0
322,4561,4.0
322,1299,4.0
322,1512,5.0
323,2,4.0
323,1047,4.0
323,4697,4.0
323,354,4.0
323,335,4.0
323,4698,4.0
323,646,5.0
323,4699,4.0
323,4700,5.0
323,1198,5.0
323,383,4.0
323,2686,4.0
323,12,5.0
323,390,4.0
323,339,5.0
323,1265,4.0
323,402,5.0
323,3855,4.0
323,1295,4.0
323,3630,4.0
323,648,5.0
323,703,4.0
323,28,5.0
323,3353,4.0
323,1936,4.0
323,248,4.0
323,615,5.0
323,253,5.0
323,34,4.0
323,3983,4.0
323,464,5.0
323,1092,5.0
323,900,4.0
323,679,4.0
323,51,5.0
323,54,4.0
323,265,5.0
323,56,4.0
323,655,5.0
323,656,4.0
323,2752,4.0
323,1879,5.0
323,268,5.0
323,683,5.0
323,684,4.0
323,3446,4.0
323,1274,5.0
323,2112,4.0
323,661,4.0
323,3840,4.0
323,71,4.0
323,3008,4.0
323,1227,4.0
323,76,4.0
323,1166,4.0
323,2570,4.0
323,3571,4.0
323,4531,4.0
323,572,5.0
323,1275,5.0
323,1194,4.0
323,80,4.0
323,82,4.0
323,466,4.0
323,467,4.0
323,86,4.0
323,617,4.0
323,1490,4.0
323,580,4.0
323,87,5.0
323,581,4.0
323,91,4.0
323,1587,4.0
323,4303,4.0
323,2325,4.0
323,3986,4.0
323,2150,4.0
323,3146,4.0
323,2576,4.0
323,288,4.0
323,3860,4.0
323,1593,5.0
323,289,5.0
323,688,4.0
323,1498,4.0
323,3450,5.0
323,1113,4.0
323,2654,4.0
323,1600,4.0
323,126,4.0
323,1280,4.0
323,4701,4.0
323,1115,4.0
323,3453,4.0
323,296,4.0
323,141,4.0
323,3416,4.0
323,151,4.0
323,299,4.0
323,4702,4.0
323,4703,4.0
323,1281,5.0
323,2637,4.0
323,881,4.0
323,3659,4.0
323,4704,4.0
323,1851,5.0
323,667,4.0
323,3877,4.0
323,3665,4.0
323,308,4.0
323,4318,4.0
323,885,4.0
323,309,4.0
323,3458,5.0
323,4705,4.0
323,1119,4.0
323,1170,4.0
323,4557,4.0
323,1769,5.0
323,1737,5.0
323,1764,4.0
323,2587,4.0
323,4398,4.0
323,4246,4.0
323,2767,4.0
323,4706,4.0
323,1624,4.0
323,1627,4.0
323,322,4.0
323,4532,4.0
323,670,4.0
323,324,4.0
323,4707,4.0
323,1893,4.0
323,1632,4.0
323,4708,4.0
323,4709,4.0
323,4710,4.0
323,1039,4.0
323,4140,5.0
323,479,5.0
323,4711,4.0
323,728,4.0
323,199,4.0
323,2645,4.0
323,4712,4.0
323,1898,4.0
323,1899,5.0
323,730,4.0
323,731,4.0
323,2023,4.0
323,481,4.0
323,4547,4.0
323,3711,4.0
323,3003,4.0
323,4713,4.0
324,3,4.0
324,6,5.0
324,460,4.0
324,647,4.5
324,339,4.0
324,402,4.5
324,16,5.0
324,22,4.5
324,28,4.5
324,654,4.5
324,709,4.5
324,665,4.5
324,2619,5.0
324,1759,4.0
324,716,5.0
324,124,4.5
324,149,4.0
324,163,4.0
324,174,4.5
324,1298,4.0
324,183,4.0
324,1889,4.5
324,187,5.0
324,624,4.5
324,606,4.5
324,1063,4.0
324,331,4.0
324,671,4.0
324,479,4.0
324,480,4.5
324,731,5.0
324,4534,4.5
324,3466,4.5
324,733,4.5
324,484,4.0
324,735,5.0
324,693,5.0
324,2173,4.5
324,1129,4.0
324,201,5.0
324,3414,4.0
324,492,4.0
324,1644,4.5
324,2029,4.0
324,744,4.5
324,747,5.0
324,1924,5.0
324,749,4.5
324,3319,4.5
324,2805,4.5
324,1141,5.0
324,2207,4.5
324,2809,4.5
324,1310,4.0
324,1142,4.5
324,3308,4.0
324,754,4.0
324,4080,4.5
324,541,5.0
324,2190,4.5
324,1145,4.0
324,762,4.5
324,1314,4.5
324,203,5.0
324,1664,4.5
324,1175,4.5
324,1149,5.0
324,4166,4.5
324,769,5.0
324,1317,5.0
324,2822,4.5
324,1044,4.5
324,775,4.5
324,4070,4.5
324,4714,5.0
324,4071,4.0
324,1159,4.5
324,3607,4.0
324,1176,4.0
324,782,5.0
324,206,4.0
324,4715,5.0
324,1321,4.5
324,3918,4.0
324,4716,4.0
324,4717,4.0
324,207,4.5
324,208,4.5
324,210,5.0
324,2135,4.5
324,4718,4.0
324,4072,4.5
324,2853,5.0
324,1322,4.0
324,3261,4.0
324,552,5.0
324,1325,4.0
324,812,4.5
324,4719,5.0
324,637,4.5
324,2716,4.5
324,826,4.5
324,1331,4.0
324,4720,4.5
324,4721,5.0
324,642,4.0
324,1334,5.0
324,4722,4.0
324,834,4.5
325,4,4.5
325,368,5.0
325,373,4.5
325,11,5.0
325,402,4.5
325,16,5.0
325,1162,5.0
325,1697,4.0
325,653,4.0
325,654,4.0
325,62,4.5
325,682,4.0
325,274,4.0
325,1583,5.0
325,584,5.0
325,124,4.5
325,963,5.0
325,1284,5.0
325,1410,4.0
325,3498,5.0
325,188,5.0
325,2014,5.0
325,317,4.0
325,2262,5.0
325,670,4.5
325,2264,5.0
325,978,5.0
325,4723,5.0
325,1772,5.0
325,4443,5.0
325,203,4.5
326,0,5.0
326,333,5.0
326,3,4.5
326,4,4.0
326,13,5.0
326,339,5.0
326,402,5.0
326,22,5.0
326,342,4.0
326,29,4.0
326,30,5.0
326,436,4.5
326,463,5.0
326,615,5.0
326,257,4.0
326,464,4.0
326,1162,5.0
326,900,5.0
326,1481,4.0
326,901,5.0
326,458,4.0
326,48,5.0
326,49,5.0
326,50,5.0
326,53,5.0
326,55,5.0
326,654,5.0
326,56,5.0
326,57,4.0
326,58,5.0
326,616,4.0
326,267,5.0
326,59,4.5
326,60,4.0
326,61,4.0
326,62,4.5
326,268,5.0
326,64,5.0
326,682,5.0
326,269,4.0
326,685,4.0
326,1096,4.0
326,71,4.0
326,73,5.0
326,74,5.0
326,75,4.0
326,3571,4.0
326,712,4.0
326,1275,5.0
326,1194,4.5
326,112,4.0
326,119,5.0
326,2620,4.5
326,718,4.5
326,138,4.5
326,144,5.0
326,145,4.5
326,152,5.0
326,1610,5.0
326,300,5.0
326,163,5.0
326,471,4.5
326,621,5.0
326,190,4.5
326,605,4.0
326,933,5.0
326,475,4.5
326,329,4.0
326,671,4.5
326,199,4.0
326,945,4.0
326,730,4.0
326,731,4.0
326,483,4.0
326,484,4.0
326,740,5.0
326,1982,5.0
326,492,4.0
326,1043,5.0
326,987,4.0
326,501,5.0
326,1076,4.5
326,508,4.0
326,1667,5.0
326,769,4.0
326,1044,4.5
326,206,4.5
326,698,4.0
326,545,4.5
326,1003,4.0
326,678,5.0
326,1798,4.0
326,1008,4.0
326,639,4.0
326,836,4.0
326,3484,4.0
327,704,4.5
327,654,4.0
327,1054,5.0
327,685,5.0
327,2311,5.0
327,2325,5.0
327,2675,4.0
327,4724,5.0
327,4725,4.0
327,4726,5.0
328,0,4.0
328,607,4.5
328,354,5.0
328,4,5.0
328,335,5.0
328,370,4.0
328,1448,4.0
328,513,4.5
328,11,4.0
328,511,4.5
328,13,4.0
328,610,5.0
328,339,4.0
328,1265,4.0
328,400,4.5
328,402,4.5
328,407,4.0
328,409,4.0
328,16,5.0
328,414,4.0
328,1202,4.0
328,849,5.0
328,25,5.0
328,703,5.0
328,1220,4.5
328,26,4.0
328,27,4.0
328,28,5.0
328,434,4.0
328,30,4.0
328,463,4.5
328,704,4.0
328,615,4.0
328,34,4.5
328,900,4.0
328,901,4.5
328,48,5.0
328,49,4.5
328,53,4.0
328,55,4.5
328,654,4.0
328,56,5.0
328,57,4.5
328,616,4.0
328,59,4.0
328,656,4.0
328,61,5.0
328,63,4.0
328,65,5.0
328,269,4.5
328,709,4.5
328,685,4.0
328,271,5.0
328,70,4.5
328,272,4.5
328,71,4.0
328,73,4.0
328,274,4.5
328,665,4.0
328,572,5.0
328,1275,4.0
328,1194,5.0
328,1276,4.0
328,80,4.0
328,864,4.0
328,958,4.0
328,598,4.5
328,1233,4.0
328,1490,4.0
328,87,5.0
328,581,5.0
328,584,5.0
328,715,4.0
328,285,5.0
328,119,4.5
328,123,4.0
328,716,5.0
328,124,4.0
328,136,5.0
328,914,5.0
328,150,4.0
328,1503,4.0
328,1297,5.0
328,151,4.0
328,1768,4.0
328,299,4.0
328,1610,4.5
328,300,4.0
328,153,4.0
328,155,4.5
328,1390,4.0
328,158,4.0
328,879,4.0
328,163,4.0
328,165,4.0
328,168,4.5
328,171,5.0
328,174,4.0
328,890,4.0
328,187,4.0
328,196,4.0
328,1299,4.0
328,624,4.5
328,319,4.5
328,605,4.5
328,1301,5.0
328,322,4.0
328,670,5.0
328,475,4.5
328,1124,4.5
328,477,5.0
328,329,4.5
328,330,4.0
328,941,4.5
328,4500,4.0
328,947,4.0
328,484,4.0
328,485,4.0
328,1853,4.0
328,487,4.0
328,737,4.5
328,1767,4.5
328,201,5.0
328,492,4.0
328,2610,5.0
328,1043,5.0
328,1648,5.0
328,501,4.5
328,4727,4.0
328,203,4.5
328,1664,5.0
328,204,5.0
328,677,5.0
328,1319,5.0
328,629,4.0
328,206,5.0
328,1080,4.0
328,1682,5.0
328,208,5.0
328,796,5.0
329,4,5.0
329,647,4.0
329,339,5.0
329,402,5.0
329,28,5.0
329,30,5.0
329,615,5.0
329,55,4.5
329,62,5.0
329,1490,4.0
329,1297,4.0
329,163,4.0
329,1121,5.0
329,187,4.5
329,927,4.0
329,317,4.5
329,1036,5.0
329,1626,5.0
329,1123,4.0
329,324,4.0
329,478,4.0
329,671,4.0
329,479,4.5
329,480,4.5
329,731,4.0
329,1523,4.0
329,484,4.5
329,525,4.5
329,693,5.0
329,737,4.0
329,1042,5.0
329,201,4.0
329,1982,4.0
329,491,4.0
329,492,4.5
329,744,4.0
329,537,4.0
329,1647,4.5
329,1648,5.0
329,500,4.0
329,501,4.0
329,1141,4.0
329,991,4.0
329,540,4.0
329,2229,4.0
329,541,4.0
329,1313,5.0
329,676,5.0
329,1175,5.0
329,508,4.5
329,1315,4.0
329,1667,4.0
329,1654,4.0
329,769,4.0
329,1671,5.0
329,1674,5.0
329,773,4.0
329,1044,5.0
329,1151,4.0
329,1045,5.0
329,775,5.0
329,204,5.0
329,1677,4.0
329,2132,5.0
329,698,4.0
329,630,4.0
329,678,4.0
329,208,4.0
329,1008,4.0
329,3261,5.0
329,551,4.0
329,1806,5.0
329,2252,5.0
329,2857,4.0
329,556,4.0
329,1326,5.0
329,812,5.0
329,1812,4.0
329,2880,4.0
329,819,5.0
329,214,5.0
329,640,5.0
329,825,5.0
329,826,4.0
329,215,5.0
329,1186,5.0
329,642,4.0
329,2667,4.0
329,3970,4.0
329,1089,4.0
329,4728,4.0
330,0,4.0
330,3,4.0
330,4,4.0
330,646,4.0
330,339,4.0
330,402,4.5
330,16,4.5
330,18,4.0
330,22,4.0
330,648,5.0
330,26,4.5
330,28,4.5
330,30,4.0
330,463,4.5
330,253,4.5
330,255,4.5
330,256,4.5
330,514,4.5
330,858,4.5
330,50,4.0
330,680,4.0
330,56,4.5
330,616,4.0
330,267,4.0
330,1163,4.5
330,59,4.0
330,60,4.0
330,62,4.0
330,63,4.5
330,269,4.5
330,684,4.0
330,1054,4.0
330,68,4.0
330,70,5.0
330,71,4.0
330,74,4.0
330,75,4.0
330,1582,4.0
330,1166,4.5
330,1206,4.0
330,82,4.0
330,466,4.0
330,84,4.0
330,1235,4.5
330,713,4.0
330,87,4.0
330,584,4.0
330,3573,4.0
330,2149,4.0
330,715,4.0
330,469,4.5
330,1759,4.0
330,100,4.0
330,3449,4.0
330,873,4.0
330,718,4.0
330,138,4.0
330,139,5.0
330,1248,4.0
330,914,4.0
330,1557,4.0
330,1768,4.0
330,299,4.5
330,155,4.5
330,1391,4.0
330,3997,4.5
330,1726,4.0
330,4135,4.5
330,163,4.5
330,1730,4.5
330,1103,4.0
330,3804,4.5
330,308,4.5
330,1954,4.5
330,4729,4.0
330,3907,4.0
330,890,4.0
330,186,4.0
330,192,4.0
330,319,4.5
330,605,4.0
330,670,5.0
330,475,4.5
330,1514,5.0
330,671,4.0
330,479,4.0
330,480,4.0
330,518,4.0
330,1899,5.0
330,484,4.0
330,489,4.5
330,1042,4.0
330,201,4.0
330,1983,4.5
330,3473,4.0
330,1259,4.5
330,742,4.0
330,492,4.0
330,1994,4.0
330,4730,4.5
330,1648,4.0
330,499,4.0
330,3519,4.5
330,1929,4.0
330,1310,4.5
330,540,4.0
330,1313,4.0
330,676,4.0
330,998,4.0
330,1044,4.0
330,1045,4.0
330,204,4.0
330,778,4.0
330,1156,4.0
330,4447,4.0
330,1680,4.0
330,789,4.0
330,790,4.0
330,795,4.0
330,678,4.0
330,548,4.0
330,208,4.0
330,1800,4.0
330,4731,4.0
331,654,5.0
331,4732,5.0
331,187,4.0
331,3498,4.0
331,600,4.0
331,4733,4.0
332,13,4.0
332,339,4.0
332,16,4.0
332,413,4.0
332,571,4.0
332,851,4.0
332,55,4.0
332,56,4.0
332,70,4.0
332,864,4.0
332,467,4.0
332,3864,4.0
332,584,4.0
332,139,4.0
332,299,4.0
332,301,4.0
332,168,4.0
332,187,4.0
332,933,4.0
332,475,4.5
332,671,4.0
332,693,4.0
332,737,4.0
332,1042,4.0
332,742,4.0
332,1308,4.0
332,744,4.0
332,3823,4.0
332,1143,4.0
332,755,4.0
332,758,4.0
332,676,4.0
332,1315,4.0
332,1680,4.0
332,2707,4.0
332,1683,4.0
333,4,5.0
333,6,4.0
333,9,4.0
333,339,5.0
333,402,5.0
333,14,4.5
333,16,4.0
333,416,4.5
333,571,5.0
333,27,5.0
333,444,4.5
333,56,5.0
333,598,4.0
333,139,5.0
333,190,4.5
333,1036,4.0
334,0,4.0
334,2,4.0
334,3,4.5
334,4,5.0
334,1476,4.0
334,6,4.0
334,373,4.0
334,9,5.0
334,376,4.0
334,510,4.0
334,647,5.0
334,339,5.0
334,402,5.0
334,16,4.5
334,613,5.0
334,22,4.0
334,571,5.0
334,28,5.0
334,1877,4.5
334,615,4.0
334,709,4.5
334,200,4.0
334,959,4.5
334,581,5.0
334,100,4.0
334,121,4.0
334,716,5.0
334,124,4.5
334,2151,5.0
334,136,5.0
334,139,5.0
334,299,4.5
334,155,5.0
334,163,4.5
334,471,4.0
334,174,4.5
334,2689,5.0
334,968,4.5
334,1299,5.0
334,477,5.0
334,671,5.0
334,481,5.0
334,492,4.5
334,1777,4.0
334,1142,4.5
334,1311,4.0
334,754,4.0
335,0,4.0
335,1,4.0
335,345,4.0
335,2,5.0
335,3421,5.0
335,349,4.0
335,350,4.0
335,352,5.0
335,607,4.0
335,4341,5.0
335,1285,5.0
335,354,4.0
335,334,4.0
335,3,5.0
335,4734,4.0
335,1195,5.0
335,362,5.0
335,1443,4.0
335,367,5.0
335,368,5.0
335,6,5.0
335,4122,4.0
335,371,4.0
335,376,4.0
335,4735,5.0
335,1447,4.0
335,13,5.0
335,608,5.0
335,394,4.0
335,1748,4.0
335,402,5.0
335,407,5.0
335,611,4.0
335,422,5.0
335,1470,5.0
335,703,5.0
335,1877,5.0
335,438,4.0
335,462,5.0
335,1548,4.0
335,4736,5.0
335,247,5.0
335,442,4.0
335,852,5.0
335,32,5.0
335,443,5.0
335,1472,5.0
335,4737,5.0
335,704,4.0
335,444,5.0
335,1704,5.0
335,1346,4.0
335,446,5.0
335,1347,4.0
335,1480,4.0
335,451,4.0
335,48,5.0
335,61,5.0
335,1206,5.0
336,4,4.5
336,339,4.5
336,402,5.0
336,22,5.0
336,28,4.0
336,615,4.5
336,267,5.0
336,682,5.0
336,163,4.5
336,201,4.5
336,1647,4.0
336,675,4.0
336,1842,5.0
336,846,5.0
336,4738,4.0
337,0,4.0
337,2,4.0
337,349,4.5
337,3,4.5
337,646,4.0
337,373,4.0
337,1214,4.0
337,402,4.0
337,238,5.0
337,16,4.0
337,413,4.0
337,422,4.5
337,20,4.0
337,21,4.0
337,22,5.0
337,648,5.0
337,28,5.0
337,30,5.0
337,462,4.0
337,463,5.0
337,3632,4.5
337,615,4.5
337,253,4.5
337,254,4.5
337,464,5.0
337,261,4.5
337,2751,4.5
337,654,5.0
337,58,5.0
337,267,4.0
337,59,5.0
337,62,4.5
337,63,4.0
337,268,4.0
337,682,4.5
337,707,5.0
337,658,4.0
337,1351,5.0
337,1053,4.5
337,660,4.5
337,685,5.0
337,271,5.0
337,70,5.0
337,71,4.0
337,1165,4.5
337,75,4.0
337,276,4.0
337,466,5.0
337,4302,4.5
337,84,5.0
337,86,4.0
337,617,5.0
337,516,4.0
337,1235,4.5
337,580,4.0
337,87,5.0
337,1586,4.5
337,581,4.0
337,1033,4.5
337,1589,4.0
337,469,4.0
337,100,5.0
337,1034,5.0
337,218,4.0
337,2206,5.0
337,716,5.0
337,136,4.5
337,963,5.0
337,1297,5.0
337,299,4.5
337,155,5.0
337,163,4.0
337,1035,4.5
337,174,5.0
337,308,4.5
337,309,5.0
337,2762,4.0
337,722,4.0
337,3907,5.0
337,890,4.0
337,1121,5.0
337,187,5.0
337,669,5.0
337,927,4.5
337,724,4.5
337,1301,5.0
337,3376,4.5
337,2157,4.0
337,1123,4.5
337,670,4.5
337,725,4.5
337,1513,4.5
337,475,4.0
337,476,5.0
337,625,5.0
337,1039,5.0
337,2109,4.0
337,1124,4.5
337,477,4.0
337,671,5.0
337,2281,5.0
337,480,5.0
337,1125,4.5
337,518,4.0
337,481,5.0
337,732,5.0
337,1523,4.5
337,1900,4.5
337,482,5.0
337,950,4.0
337,484,4.0
337,485,5.0
337,735,5.0
337,693,5.0
337,1907,4.0
337,737,4.0
337,1171,4.0
337,2339,4.5
337,1042,4.0
337,4739,4.0
337,2280,5.0
337,1983,5.0
337,2204,4.5
337,491,4.5
337,492,4.0
337,1172,5.0
337,2783,4.0
337,744,4.5
337,4163,4.5
337,2226,4.5
337,1919,4.5
337,1646,4.5
337,988,4.0
337,989,4.5
337,748,4.0
337,501,4.0
337,753,5.0
337,2207,5.0
337,1778,4.5
337,2229,4.0
337,1076,4.0
337,754,5.0
337,757,4.5
337,1650,4.5
337,1312,5.0
337,2190,5.0
337,760,4.0
337,4287,4.5
337,762,4.5
337,2231,4.0
337,3879,4.5
337,4165,5.0
337,1554,5.0
337,3028,5.0
337,1147,4.5
337,203,4.5
337,628,5.0
337,1149,4.0
337,4166,4.5
337,767,5.0
337,3211,4.0
337,2059,4.5
337,2821,5.0
337,1671,4.5
337,1674,5.0
337,771,4.5
337,1318,4.0
337,2822,4.0
337,773,5.0
337,1044,5.0
337,2824,4.0
337,1151,4.5
337,1045,5.0
337,4740,4.0
337,4741,4.5
337,677,4.5
337,4742,4.0
337,1789,4.0
337,1159,5.0
337,1679,4.0
337,4086,4.5
337,629,4.0
337,1160,4.5
337,1079,4.5
337,2287,4.5
337,1177,5.0
337,698,4.0
337,546,4.0
337,1681,4.5
337,2082,4.5
337,4090,4.5
337,1081,4.5
337,1539,4.5
337,207,5.0
337,4743,5.0
337,3258,4.5
337,4744,4.0
337,678,4.0
337,548,4.5
337,208,5.0
337,3048,4.5
337,2709,4.5
337,2135,4.0
337,797,4.5
337,549,4.0
337,4745,5.0
337,700,4.5
337,632,4.0
337,633,4.5
337,4072,4.0
337,2849,4.0
337,2853,5.0
337,1082,4.0
337,550,4.0
337,1804,4.5
337,1805,4.0
337,1868,4.5
337,4746,4.5
337,2247,4.5
337,1009,4.0
337,1806,5.0
337,4747,4.0
337,4748,4.5
337,552,4.5
337,1325,4.0
337,2866,4.0
337,1933,4.0
337,634,4.0
337,2873,4.5
337,2260,4.5
337,1327,4.5
337,637,4.5
337,2716,4.0
337,4749,4.5
337,1544,5.0
337,213,5.0
337,819,4.0
337,638,5.0
337,4750,5.0
337,1021,4.0
337,2892,4.5
337,1819,4.0
337,1823,4.0
337,1330,4.0
337,4751,4.0
337,826,4.0
337,2904,4.5
337,4752,4.0
337,1333,4.5
337,642,4.5
337,643,5.0
337,1334,4.0
337,4753,4.0
337,4722,4.0
337,1027,4.0
337,836,4.5
337,3305,5.0
337,4754,4.0
337,3484,4.0
337,4755,4.5
337,2961,5.0
337,1842,4.0
337,3756,5.0
337,1086,4.5
337,4756,5.0
338,955,4.0
338,6,5.0
338,373,5.0
338,1445,4.0
338,1270,4.0
338,460,4.0
338,511,4.0
338,610,4.0
338,396,4.0
338,339,4.0
338,400,4.0
338,402,5.0
338,403,5.0
338,1268,4.0
338,15,4.0
338,20,5.0
338,21,5.0
338,571,4.0
338,26,5.0
338,27,5.0
338,343,4.0
338,462,4.0
338,444,5.0
338,710,5.0
339,0,5.0
339,416,4.5
339,679,4.0
339,1483,4.0
339,136,4.5
339,592,4.0
339,2017,4.5
339,529,4.0
339,1302,4.0
339,483,4.0
339,1127,4.5
339,1308,4.0
339,4165,4.0
339,1554,4.0
339,1151,4.0
339,4167,5.0
339,3038,4.0
339,207,5.0
339,3047,4.5
339,4757,4.0
339,1010,4.0
339,819,4.0
339,1020,4.5
339,1819,4.5
339,825,4.0
339,1023,4.0
339,828,4.0
339,4758,4.5
339,643,4.0
339,1026,4.0
339,565,4.5
340,513,5.0
340,32,4.0
340,58,4.0
340,71,4.0
340,912,4.0
340,4759,4.0
340,963,4.0
340,4120,4.0
340,163,4.0
340,2689,4.0
340,1617,4.0
340,1405,4.0
340,1412,4.0
340,604,4.0
340,942,5.0
341,4,4.5
341,339,4.5
341,402,4.5
341,22,5.0
341,648,4.5
341,28,4.5
341,50,4.5
341,58,4.5
341,267,4.5
341,62,5.0
341,63,4.0
341,84,4.0
341,124,4.0
341,139,5.0
341,1380,4.0
341,155,4.0
341,163,5.0
341,1405,4.0
341,670,5.0
341,2642,4.0
341,1124,4.5
341,479,5.0
341,1901,5.0
341,484,5.0
341,673,4.0
341,693,5.0
341,492,4.5
341,2029,4.0
341,3816,5.0
341,501,4.5
341,3318,4.0
341,1649,4.0
341,1076,5.0
341,203,4.5
341,1667,4.0
341,1670,5.0
341,2196,4.0
341,1671,5.0
341,2062,5.0
341,2199,5.0
341,1044,4.5
341,1656,4.5
342,6,4.5
342,13,5.0
342,402,5.0
342,16,5.0
342,416,5.0
342,1771,5.0
342,443,4.5
342,61,5.0
342,70,5.0
342,71,5.0
342,98,5.0
342,100,4.0
342,125,5.0
342,139,5.0
342,143,5.0
342,2261,4.5
342,1297,4.0
342,155,5.0
342,158,5.0
342,666,4.5
342,967,4.0
342,174,5.0
342,196,5.0
342,605,4.0
342,475,5.0
342,671,4.0
342,731,4.0
342,979,4.5
342,482,4.5
342,485,4.0
342,695,4.5
342,986,5.0
342,4760,4.0
342,777,4.5
342,1156,5.0
342,545,5.0
342,1684,4.0
342,632,5.0
342,1801,4.0
342,803,4.5
342,806,4.0
342,820,5.0
342,639,4.0
342,823,5.0
343,2300,4.0
343,4761,5.0
343,449,5.0
343,250,4.0
343,464,4.0
343,2143,5.0
343,2001,5.0
343,1092,4.5
343,616,4.5
343,267,5.0
343,63,5.0
343,1580,4.0
343,1550,4.0
343,1375,4.0
343,293,5.0
343,1242,4.0
343,300,4.0
343,155,4.0
343,159,4.0
343,3659,5.0
343,3526,4.5
343,185,4.0
343,1509,4.5
343,3578,4.0
343,4762,4.5
343,4763,4.5
343,524,4.0
343,4764,4.5
343,739,4.0
343,3586,5.0
343,1308,4.5
343,4426,4.0
343,2227,4.5
343,4765,5.0
343,4766,4.0
343,2068,4.0
344,350,4.0
344,4,4.0
344,646,4.0
344,336,4.0
344,647,4.0
344,1292,4.5
344,512,4.5
344,244,4.0
344,463,4.5
344,615,4.0
344,855,4.0
344,253,4.5
344,256,4.5
344,35,4.0
344,49,4.0
344,2307,4.0
344,654,4.0
344,59,4.0
344,60,4.5
344,706,4.0
344,268,5.0
344,269,4.0
344,658,4.5
344,1054,5.0
344,1274,4.5
344,660,4.5
344,1881,4.5
344,77,4.0
344,2755,4.0
344,285,4.0
344,1589,4.0
344,2757,4.5
344,1034,4.5
344,2151,4.5
344,128,4.0
344,295,4.0
344,1297,4.0
344,155,4.5
344,1762,4.5
344,307,4.5
344,308,4.5
344,1283,4.5
344,3805,4.0
344,669,4.5
344,4767,4.0
344,4768,4.0
344,2725,4.0
344,1124,4.0
344,1560,4.0
344,4769,4.5
344,482,4.0
344,734,4.0
344,4129,4.5
344,735,4.0
344,2602,4.5
344,4770,4.5
344,2172,4.0
344,4771,4.0
344,4772,4.0
344,201,4.0
344,4022,4.0
344,2177,4.5
344,3238,5.0
344,4023,4.0
344,2731,4.0
344,4773,4.0
344,1562,4.5
344,2784,4.5
344,2610,4.0
344,1563,4.0
344,1043,4.0
344,1565,4.0
344,4774,4.5
344,4775,4.5
344,1920,4.0
344,2789,4.0
344,1566,4.0
344,499,4.0
344,3319,4.0
344,1309,4.0
344,1174,4.0
344,4376,4.0
344,4776,4.0
344,762,4.0
344,1313,4.0
344,676,4.5
345,0,5.0
345,955,4.0
345,347,4.0
345,1475,4.0
345,333,4.0
345,585,4.0
345,373,4.0
345,11,4.0
345,511,4.0
345,401,4.0
345,405,4.0
345,16,4.0
345,413,4.0
345,415,4.0
345,20,4.0
345,21,4.0
345,614,4.0
345,433,4.0
345,246,4.0
345,343,4.0
345,434,4.0
345,462,4.0
345,444,5.0
346,4,5.0
346,646,5.0
346,13,4.5
346,339,5.0
346,402,5.0
346,22,5.0
346,648,5.0
346,26,4.0
346,28,5.0
346,30,5.0
346,463,4.5
346,615,5.0
346,855,5.0
346,256,5.0
346,1708,4.5
346,55,4.5
346,56,5.0
346,60,5.0
346,62,4.5
346,682,5.0
346,270,4.5
346,663,4.5
346,579,4.0
346,2721,4.5
346,3145,4.0
346,2149,5.0
346,469,5.0
346,3867,5.0
346,716,5.0
346,3168,5.0
346,124,5.0
346,1241,5.0
346,126,4.0
346,1378,4.0
346,142,4.5
346,155,5.0
346,163,5.0
346,307,4.5
346,670,5.0
346,1634,5.0
346,1518,4.0
346,671,5.0
346,479,5.0
346,1899,4.5
346,1041,4.0
346,484,5.0
346,693,5.0
346,2652,4.0
346,3414,4.5
346,497,4.5
346,204,4.5
346,208,5.0
346,552,5.0
347,955,4.0
347,333,5.0
347,1749,5.0
347,371,4.0
347,1270,4.0
347,460,4.0
347,339,4.0
347,404,4.0
347,1268,4.0
347,15,5.0
347,16,5.0
347,512,4.0
347,413,4.0
347,18,4.0
347,415,5.0
347,22,4.0
347,246,4.0
347,571,4.0
347,26,4.0
347,28,5.0
347,434,5.0
348,0,4.0
348,354,4.0
348,13,4.0
348,1470,4.0
348,1269,4.0
348,1694,4.0
348,1479,4.0
348,1704,4.0
348,61,4.0
348,710,5.0
348,1206,4.0
349,4338,5.0
349,3,4.5
349,339,4.5
349,16,4.5
349,21,4.0
349,28,4.5
349,704,4.5
349,48,4.0
349,200,4.5
349,580,4.0
349,3866,4.0
349,1498,4.5
349,139,4.0
349,299,4.0
349,163,4.0
349,1400,4.0
349,624,5.0
349,4247,4.0
349,3872,4.0
349,670,4.0
349,324,4.0
349,1634,4.0
349,478,4.0
349,479,4.0
349,480,4.5
349,4777,4.5
349,732,4.0
349,733,4.0
349,484,4.0
349,525,4.0
349,485,4.0
349,693,4.0
349,1905,4.0
349,4778,4.0
349,489,4.0
349,492,4.0
349,743,4.5
349,537,4.0
349,748,4.0
349,4779,4.5
349,203,5.0
349,628,4.0
349,1078,4.0
349,2737,4.5
349,770,4.5
349,1044,4.0
349,4780,4.5
349,1154,4.5
349,677,4.0
349,2829,4.0
349,782,4.0
349,547,4.0
349,4717,4.0
349,208,4.0
349,699,4.5
349,2135,4.0
349,2136,4.5
349,797,4.0
349,798,4.5
349,1322,5.0
349,3261,4.0
349,550,4.5
349,4781,4.5
349,1804,4.0
349,212,4.0
349,4782,4.0
349,1806,4.0
349,4783,4.0
350,3,5.0
350,4,5.0
350,13,4.0
350,339,5.0
350,402,5.0
350,403,4.0
350,16,5.0
350,22,5.0
350,648,4.5
350,26,5.0
350,28,4.0
350,464,4.0
350,49,5.0
350,50,5.0
350,56,4.0
350,58,4.0
350,616,4.0
350,63,5.0
350,65,4.0
350,685,5.0
350,276,4.0
350,81,4.0
350,597,4.0
350,578,4.0
350,2619,5.0
350,86,4.5
350,1550,4.5
350,580,4.0
350,713,4.0
350,87,4.0
350,2631,4.0
350,1277,5.0
350,1589,4.5
350,100,4.5
350,1498,4.0
350,2221,4.0
350,1113,4.0
350,218,5.0
350,1371,4.0
350,716,5.0
350,124,4.5
350,3881,4.5
350,4243,4.5
350,138,5.0
350,139,4.5
350,2688,4.0
350,963,4.5
350,1297,5.0
350,299,4.0
350,155,5.0
350,1886,4.0
350,163,5.0
350,1949,4.0
350,171,4.0
350,307,4.0
350,4074,4.0
350,174,5.0
350,3495,4.0
350,314,4.0
350,2762,4.0
350,890,5.0
350,1121,4.0
350,623,4.0
350,187,4.0
350,928,4.0
350,604,4.0
350,318,4.0
350,605,5.0
350,930,4.5
350,322,4.5
350,670,5.0
350,479,5.0
350,484,5.0
350,735,5.0
350,1171,5.0
350,489,4.0
350,741,4.5
350,492,5.0
350,1140,4.0
350,626,4.0
350,2229,4.0
350,755,4.0
350,4784,4.0
350,994,4.0
350,760,4.0
350,4785,4.0
350,1663,4.0
350,203,4.5
350,1149,5.0
350,4786,4.0
350,767,4.5
350,1078,4.0
350,1670,5.0
350,2059,4.0
350,998,4.0
350,999,4.0
350,2821,4.0
350,1655,4.0
350,2065,4.5
350,1785,5.0
350,2824,5.0
350,1537,4.0
350,1676,4.5
350,677,5.0
350,1678,4.5
350,1789,4.5
350,629,5.0
350,206,5.0
350,545,4.0
350,1003,4.0
350,2321,4.0
350,631,4.5
350,4091,4.0
350,1682,5.0
350,1081,4.0
350,789,5.0
350,207,5.0
350,1795,4.0
350,548,4.0
350,208,5.0
350,4093,4.0
350,2135,4.5
350,1798,4.0
350,2096,4.0
350,1802,4.0
350,1178,4.0
350,1008,4.0
350,4174,4.5
350,2712,4.5
350,805,4.0
350,551,4.0
350,1806,4.0
350,2251,4.5
350,2252,4.5
350,2857,4.0
350,556,4.0
350,2866,4.0
350,1933,5.0
350,634,4.0
350,811,5.0
350,3271,4.0
350,812,4.5
350,635,4.5
350,4719,4.0
350,814,4.5
350,3221,4.0
350,2138,4.0
350,2260,4.0
350,1016,4.0
350,636,5.0
350,1327,5.0
350,637,4.0
350,3432,4.5
350,213,5.0
350,1814,4.5
350,638,5.0
350,639,5.0
350,214,4.0
350,640,4.0
350,2743,4.5
350,1821,4.5
350,1822,4.0
350,1823,4.5
350,1022,4.5
350,825,4.5
350,1185,4.0
350,1825,5.0
350,828,4.0
350,1333,4.0
350,642,5.0
350,4198,4.0
350,1829,4.0
350,4199,4.0
350,1334,5.0
350,644,4.0
350,645,4.5
351,0,5.0
351,344,4.0
351,2,4.0
351,347,4.0
351,1475,4.0
351,351,5.0
351,607,4.0
351,354,5.0
351,333,5.0
351,3,5.0
351,1476,4.0
351,369,5.0
351,1335,4.0
351,1270,5.0
351,460,5.0
351,701,4.0
351,509,4.0
351,510,5.0
351,513,5.0
351,11,4.0
351,385,4.0
351,1201,5.0
351,1748,5.0
351,396,4.0
351,647,5.0
351,339,5.0
351,402,5.0
351,238,5.0
351,4126,4.0
351,14,5.0
351,1268,5.0
351,15,4.0
351,413,4.0
351,702,4.0
351,422,4.0
351,20,5.0
351,25,4.0
351,703,4.0
351,26,4.0
351,27,4.0
351,28,5.0
351,343,4.0
352,354,4.0
352,3,4.0
352,4,4.5
352,1476,4.5
352,646,4.0
352,373,4.0
352,460,4.0
352,13,4.0
352,339,4.5
352,402,4.5
352,16,4.5
352,512,4.0
352,415,4.0
352,416,4.0
352,21,4.0
352,613,4.0
352,22,4.0
352,341,4.0
352,571,4.5
352,27,4.0
352,28,4.0
352,462,4.0
352,32,4.0
352,615,4.0
352,855,4.0
352,901,4.0
352,679,4.0
352,50,4.0
352,680,4.5
352,53,4.0
352,465,4.0
352,56,4.0
352,681,4.0
352,1163,4.0
352,61,4.0
352,63,4.0
352,268,4.0
352,269,4.5
352,1053,4.0
352,68,4.0
352,70,4.0
352,71,4.0
352,3571,4.0
352,903,4.0
352,1485,4.0
352,864,4.0
352,1488,4.0
352,82,4.0
352,466,4.0
352,598,4.0
352,1490,4.5
352,1235,4.5
352,200,4.0
352,580,4.0
352,87,4.0
352,1586,4.5
352,584,4.0
352,94,4.0
352,715,4.0
352,285,4.0
352,1589,4.0
352,1884,4.0
352,118,4.5
352,1113,4.5
352,1600,4.0
352,716,4.5
352,124,4.5
352,961,4.0
352,136,4.0
352,962,4.5
352,139,4.0
352,590,4.0
352,149,4.5
352,963,4.0
352,151,4.0
352,878,4.0
352,155,4.0
352,160,4.0
352,163,4.5
352,164,4.5
352,165,4.0
352,309,4.0
352,721,4.0
352,186,4.0
352,196,4.0
352,624,4.0
352,319,4.0
352,324,4.5
352,725,4.5
352,475,4.0
352,1852,4.0
352,1894,4.0
352,1124,4.5
352,671,4.5
352,480,4.0
352,730,4.0
352,731,4.0
352,1041,4.0
352,734,4.0
352,1552,4.0
352,525,4.0
352,485,4.0
352,201,4.5
352,1984,4.0
352,742,4.5
352,744,4.0
352,1043,4.0
352,1646,4.0
352,988,4.0
352,747,4.0
352,500,4.0
352,501,4.0
352,1140,4.0
352,753,4.0
352,1310,4.5
352,626,4.0
352,503,4.5
352,2231,4.0
352,2048,4.5
352,203,4.0
352,508,4.5
352,1784,4.0
352,1654,4.0
352,2820,4.0
352,1530,4.5
353,400,4.0
353,2304,5.0
353,2720,5.0
353,255,4.0
353,1708,4.0
353,1696,4.0
353,857,5.0
353,58,5.0
353,958,4.0
353,580,4.0
353,108,4.0
353,143,5.0
353,158,5.0
353,719,4.0
353,885,4.0
353,3904,4.0
353,3995,4.0
354,361,4.5
354,370,4.0
354,701,4.0
354,1448,4.0
354,608,4.0
354,400,4.0
354,402,4.5
354,404,4.5
354,16,4.0
354,19,4.5
354,20,4.5
354,427,4.0
354,570,4.0
354,648,4.5
354,23,5.0
354,25,4.5
354,851,5.0
354,32,4.5
354,650,5.0
354,704,4.0
354,252,4.5
354,256,5.0
354,1696,4.5
354,43,5.0
354,49,5.0
354,50,5.0
354,55,4.0
354,653,5.0
354,57,4.0
354,58,4.0
354,59,4.0
354,60,5.0
354,64,5.0
354,65,4.5
354,657,5.0
354,684,4.0
354,1578,4.5
354,709,5.0
354,659,5.0
354,1581,5.0
354,70,4.0
354,71,5.0
354,75,4.5
354,1352,4.5
354,1483,4.0
354,1698,4.0
354,276,4.0
354,1358,5.0
354,79,5.0
354,864,5.0
354,82,4.0
354,467,4.0
354,598,4.0
354,277,4.5
354,617,4.5
354,200,4.5
354,87,5.0
354,3490,4.0
354,1718,4.0
354,88,4.5
354,581,4.0
354,2325,4.0
354,97,4.0
354,619,4.5
354,98,4.5
354,100,4.0
354,1369,4.5
354,1597,4.5
354,123,4.0
354,293,4.0
354,138,4.0
354,139,4.0
354,590,4.0
354,140,4.0
354,141,4.0
354,914,5.0
354,149,5.0
354,151,5.0
354,593,4.0
354,299,4.0
354,153,4.0
354,918,4.0
354,155,4.0
354,879,5.0
354,163,5.0
354,881,5.0
354,168,4.0
354,171,4.0
354,1851,4.5
354,174,4.0
354,308,4.0
354,1398,4.0
354,1399,4.5
354,176,4.5
354,1283,4.0
354,1170,4.5
354,889,5.0
354,1736,4.5
354,1737,5.0
354,182,4.5
354,891,5.0
354,1284,4.0
354,1411,5.0
354,187,4.0
354,601,4.0
354,197,5.0
354,3161,4.5
354,929,5.0
354,317,5.0
354,624,5.0
354,1627,4.0
354,605,4.5
354,933,4.0
354,322,4.0
354,670,5.0
354,1426,4.0
354,3686,5.0
354,3691,5.0
354,1124,5.0
354,671,5.0
354,939,4.0
354,944,5.0
354,1897,4.5
354,3466,4.5
354,1900,4.5
354,482,4.0
354,2601,4.0
354,4787,5.0
354,2649,5.0
354,524,4.0
354,3316,5.0
354,3020,4.5
354,488,4.0
354,4235,4.5
354,1254,4.0
354,1641,4.0
354,982,4.0
354,4788,5.0
354,3475,4.0
354,2180,5.0
354,3737,4.0
354,744,5.0
354,4789,4.0
354,4240,5.0
354,989,4.0
354,747,4.0
354,1647,4.0
354,4790,5.0
354,1648,5.0
354,4007,4.5
354,499,4.0
354,1928,4.0
354,1929,4.0
354,540,5.0
354,1076,5.0
354,3427,4.0
354,3024,5.0
354,759,5.0
354,4791,4.0
354,541,4.5
354,4594,4.0
354,1146,5.0
354,4792,5.0
354,2735,4.0
354,1313,5.0
354,1077,4.5
354,4793,5.0
354,203,4.0
354,4794,4.5
354,1175,5.0
354,508,4.0
354,1667,4.5
354,1671,5.0
354,770,4.5
354,3212,4.0
354,1318,5.0
354,3428,4.0
354,3601,4.0
354,4795,5.0
354,775,4.0
354,204,5.0
354,4796,5.0
354,4349,5.0
354,1788,4.0
354,2132,5.0
354,2071,5.0
354,1159,4.0
354,2073,4.5
354,1790,4.0
355,0,5.0
355,350,5.0
355,333,4.0
355,585,4.5
355,4,5.0
355,6,4.0
355,1201,4.5
355,511,4.0
355,13,4.0
355,390,4.0
355,394,4.0
355,339,4.5
355,402,4.0
355,512,4.0
355,19,5.0
355,340,4.0
355,21,4.0
355,428,4.5
355,2301,4.5
355,22,5.0
355,849,5.0
355,25,5.0
355,1771,4.0
355,246,4.5
355,28,4.5
355,342,4.0
355,343,4.0
355,29,4.0
355,434,4.0
355,30,4.0
355,1877,4.5
355,1269,4.0
355,444,4.0
355,615,5.0
355,250,4.0
355,251,5.0
355,257,4.0
355,3521,5.0
355,34,4.5
355,258,5.0
355,2143,5.0
355,1162,5.0
355,899,4.5
355,900,4.5
355,42,4.0
355,901,4.5
355,45,4.0
355,1226,4.5
355,47,4.0
355,49,5.0
355,262,4.5
355,465,4.0
355,1205,5.0
355,55,4.5
355,56,4.5
355,57,4.5
355,58,4.0
355,59,4.0
355,656,5.0
355,61,4.0
355,62,5.0
355,268,4.5
355,682,5.0
355,269,5.0
355,1578,4.0
355,1164,5.0
355,709,5.0
355,659,4.5
355,1581,4.5
355,685,5.0
355,271,4.0
355,70,4.5
355,663,4.0
355,859,4.5
355,71,4.0
355,2310,4.5
355,664,5.0
355,860,5.0
355,1097,4.0
355,1352,4.5
355,1881,4.5
355,1584,4.5
355,1192,4.0
355,903,4.0
355,1275,4.0
355,1206,4.5
355,1276,5.0
355,2563,4.5
355,275,5.0
355,4797,4.0
355,200,5.0
355,580,4.0
355,282,4.5
355,584,4.0
355,284,5.0
355,3339,4.0
355,1941,4.0
355,2675,4.5
355,715,4.5
355,285,4.0
355,1589,4.5
355,97,4.5
355,619,4.0
355,98,4.0
355,1759,4.0
355,100,4.5
355,1494,4.0
355,1720,5.0
355,869,5.0
355,112,4.0
355,114,4.0
355,2008,4.5
355,1034,5.0
355,119,4.5
355,1597,5.0
355,123,4.0
355,716,4.0
355,124,4.0
355,2620,4.5
355,136,4.0
355,591,4.0
355,297,4.0
355,1060,5.0
355,150,4.5
355,1503,4.0
355,151,4.0
355,1768,5.0
355,299,5.0
355,153,4.0
355,918,5.0
355,3658,4.0
355,879,4.0
355,163,4.5
355,4013,4.0
355,1116,5.0
355,471,5.0
355,174,4.0
355,2012,4.0
355,926,4.5
355,1889,4.0
355,187,4.5
355,317,5.0
355,1036,4.5
355,1301,4.0
355,933,5.0
355,4798,4.5
355,325,4.5
355,475,4.0
355,3686,4.0
355,476,4.0
355,529,4.0
355,938,4.0
355,625,4.5
355,1039,4.0
355,3385,4.5
355,1124,5.0
355,477,4.0
355,478,4.5
355,480,4.0
355,945,4.0
355,481,4.0
355,732,4.0
355,483,4.0
355,1552,4.0
355,485,4.5
355,486,4.5
355,1908,4.5
355,1909,4.5
355,737,4.5
355,3624,5.0
355,1171,4.5
355,2730,4.0
355,4799,4.0
355,531,4.5
355,3585,5.0
355,743,4.0
355,744,5.0
355,3409,4.5
355,1260,4.5
355,2282,5.0
355,4239,4.0
355,987,4.5
355,1646,4.0
355,4800,5.0
355,1647,4.5
355,3410,4.5
355,748,4.0
355,501,4.0
355,4801,4.0
355,3348,5.0
355,4502,4.5
355,4424,5.0
355,4727,5.0
355,4802,4.0
355,697,5.0
355,4045,5.0
355,540,4.0
355,757,4.0
355,4069,5.0
355,596,5.0
355,994,4.5
355,1313,4.0
355,1077,4.0
355,2052,5.0
355,203,4.0
355,628,4.5
355,1149,4.0
355,767,4.0
355,1654,4.0
355,4803,4.5
355,1655,4.5
355,1674,4.0
355,772,5.0
355,2199,5.0
355,1151,4.0
355,3600,4.5
355,1656,4.5
355,4804,4.5
355,204,4.5
355,2075,5.0
355,1320,4.0
355,1003,4.5
355,1081,4.0
355,789,4.0
355,4805,4.0
355,4806,5.0
355,207,4.0
355,678,4.0
355,4168,4.0
355,208,4.0
355,699,4.5
355,209,4.5
355,2091,4.0
355,2135,4.0
355,1798,5.0
355,1008,5.0
355,550,4.5
355,805,4.5
355,551,4.5
355,4807,4.0
355,4808,4.0
356,252,4.0
356,580,5.0
356,873,4.0
356,590,4.0
356,720,4.0
356,1514,4.0
356,3406,5.0
356,4809,4.0
356,1308,4.0
356,744,4.0
356,537,4.5
356,4810,4.0
356,4811,5.0
356,1663,4.5
356,1782,4.0
356,1670,4.0
356,2737,5.0
356,3428,4.0
356,677,4.0
356,4088,4.0
356,630,4.5
356,3216,4.5
356,547,4.0
356,550,4.0
357,0,4.0
357,335,4.5
357,339,4.0
357,21,4.0
357,22,4.5
357,433,4.0
357,26,4.0
357,28,4.5
357,48,4.0
357,53,4.0
357,2111,4.5
357,269,5.0
357,709,5.0
357,2673,4.0
357,200,4.5
357,580,4.5
357,2149,4.5
357,715,4.0
357,716,5.0
357,1768,4.5
357,155,4.0
357,322,4.0
357,475,5.0
357,480,5.0
357,737,4.5
357,537,4.5
357,762,4.0
357,768,4.0
358,1485,4.0
358,1360,4.0
358,466,4.0
358,578,5.0
358,4429,5.0
358,84,5.0
358,85,5.0
358,86,5.0
358,3638,5.0
358,1058,5.0
358,580,4.0
358,1718,5.0
358,3327,5.0
359,150,4.0
359,963,4.0
359,967,4.0
359,4812,4.0
359,188,4.0
359,601,4.0
359,473,5.0
359,978,4.0
359,478,4.5
359,731,4.0
359,979,4.0
359,1904,4.5
359,1254,4.0
359,536,4.0
359,990,4.0
359,539,4.0
359,4813,4.0
359,540,4.0
359,2817,4.0
359,2818,4.0
359,1781,5.0
359,1554,4.0
359,508,4.0
359,2232,4.0
359,1654,4.0
359,998,4.0
359,2663,4.0
360,2,4.0
360,349,4.0
360,1285,4.0
360,3,4.5
360,1476,4.0
360,6,4.0
360,646,5.0
360,13,4.5
360,647,4.5
360,339,5.0
360,402,4.5
360,16,4.5
360,18,4.0
360,4814,4.5
360,702,4.0
360,571,4.0
360,27,4.5
360,28,5.0
360,30,5.0
360,615,5.0
360,464,5.0
360,50,4.5
360,654,5.0
360,56,4.5
360,681,5.0
360,59,5.0
360,60,5.0
360,705,5.0
360,706,4.5
360,62,4.0
360,682,5.0
360,65,4.5
360,660,4.5
360,685,5.0
360,686,4.5
360,272,4.5
360,1097,4.5
360,1489,4.0
360,84,4.0
360,86,4.0
360,1362,5.0
360,1235,4.0
360,87,5.0
360,1168,4.5
360,1367,4.0
360,4010,4.5
360,688,4.0
360,218,5.0
360,123,4.0
360,124,4.0
360,139,4.5
360,143,4.0
360,163,4.5
360,174,4.0
360,187,4.0
360,606,4.0
360,725,4.5
360,475,4.0
360,479,5.0
360,730,4.0
360,1525,4.5
360,4488,4.0
360,484,5.0
360,488,4.0
360,737,4.0
360,489,4.0
360,741,4.5
360,201,4.5
360,982,4.0
360,4022,5.0
360,492,5.0
360,1043,4.5
360,986,4.0
360,501,4.0
360,1659,4.5
360,540,4.5
360,755,4.5
360,541,4.5
360,763,4.0
360,203,4.0
360,628,4.0
360,767,4.5
360,2824,4.5
360,1045,5.0
360,1156,4.0
360,629,4.0
360,206,4.0
360,208,4.0
360,4550,4.5
360,4746,4.0
360,551,4.0
360,811,4.0
360,2260,4.0
360,1327,4.0
360,1330,4.0
360,4815,4.0
361,4,4.0
361,370,4.0
361,339,5.0
361,402,4.0
361,58,4.0
361,709,4.0
361,80,4.0
361,277,4.0
361,200,5.0
361,87,4.0
361,830,5.0
361,1838,4.0
361,844,4.0
362,0,5.0
362,367,5.0
362,370,4.0
362,13,4.0
362,611,5.0
362,1470,5.0
362,1877,5.0
362,32,4.0
362,443,4.0
362,444,5.0
362,1704,4.0
362,1347,4.0
362,1480,5.0
362,615,5.0
362,48,5.0
362,710,4.0
363,402,4.5
363,16,4.5
363,56,4.0
363,271,4.0
363,200,5.0
363,285,4.0
363,2008,4.0
363,590,4.0
363,174,4.0
363,1301,5.0
363,477,4.0
363,480,4.0
363,485,5.0
363,2025,4.0
363,1260,4.5
363,1648,4.0
363,991,4.0
363,3026,4.0
363,1667,4.0
363,1788,5.0
363,2071,4.0
363,789,4.0
363,3045,4.0
363,2134,4.5
363,2091,4.5
363,4816,4.0
363,2098,4.5
363,4817,4.0
363,4818,4.0
363,1805,4.0
363,1180,4.5
363,3183,5.0
363,3057,4.0
363,3063,4.0
363,1809,4.0
363,4819,4.5
363,4191,4.0
363,3069,4.0
363,1020,4.0
363,3281,4.0
363,1688,4.0
363,1822,4.0
363,1823,4.0
363,3072,5.0
363,1830,4.0
363,4479,5.0
363,3090,5.0
363,4820,4.5
363,3302,4.5
363,3099,4.0
364,6,4.0
364,571,4.0
364,679,4.0
364,50,5.0
364,100,4.0
364,163,4.5
364,187,4.5
364,624,4.0
364,479,4.5
364,489,4.0
364,201,4.0
364,492,4.5
364,1043,4.0
364,987,4.5
364,501,4.0
364,540,4.0
364,203,4.5
364,204,4.0
364,206,4.5
364,208,4.0
364,551,4.0
364,638,5.0
364,826,4.5
365,0,5.0
365,585,4.0
365,373,4.0
365,13,5.0
365,397,5.0
365,402,5.0
365,16,5.0
365,420,4.0
365,4821,4.0
365,427,5.0
365,4822,4.0
365,433,4.0
365,28,5.0
365,615,5.0
365,250,4.0
365,251,5.0
365,255,4.0
365,256,5.0
365,1708,4.0
365,34,5.0
365,35,5.0
365,2143,4.0
365,1751,4.0
365,2671,4.0
365,1162,5.0
365,900,5.0
365,53,5.0
365,56,4.0
365,58,5.0
365,656,5.0
365,268,4.0
365,682,4.0
365,709,5.0
365,1581,5.0
365,685,4.0
365,271,4.0
365,70,4.0
365,71,4.0
365,1097,4.0
365,1190,5.0
365,1583,5.0
365,1275,4.0
365,4823,4.0
365,1488,4.0
365,958,4.0
365,200,5.0
365,88,4.0
365,581,4.0
365,94,5.0
365,285,5.0
365,99,5.0
365,106,5.0
365,906,5.0
365,2008,4.0
365,688,4.0
365,1597,5.0
365,912,5.0
365,873,4.0
365,2620,5.0
365,1101,4.0
365,4824,4.0
365,470,5.0
365,151,5.0
365,299,5.0
365,153,5.0
365,918,5.0
365,1393,4.0
365,879,5.0
365,3846,5.0
365,1887,4.0
365,1851,5.0
365,471,5.0
365,2329,5.0
365,885,4.0
365,3368,4.0
365,3156,4.0
365,3460,4.0
365,1120,5.0
365,923,5.0
365,1737,4.0
365,4825,4.0
365,1739,5.0
365,890,5.0
365,4826,5.0
365,1742,4.0
365,622,5.0
365,2682,4.0
365,3995,4.0
365,1511,4.0
365,4321,4.0
365,3528,4.0
365,3437,4.0
365,3498,4.0
365,968,4.0
365,600,4.0
365,4827,4.0
365,927,5.0
365,928,4.0
365,4828,5.0
365,196,5.0
365,4829,4.0
365,602,5.0
365,197,5.0
365,4221,4.0
365,2016,4.0
365,4830,4.0
365,473,5.0
365,1626,4.0
365,2993,5.0
365,4831,4.0
365,1627,4.0
365,932,5.0
365,3872,5.0
365,2017,5.0
365,2018,4.0
365,4832,4.0
365,4833,5.0
365,4222,4.0
365,4834,4.0
365,2658,4.0
365,475,5.0
365,1514,4.0
365,937,4.0
365,1424,4.0
365,529,5.0
365,975,4.0
365,3383,4.0
365,692,4.0
365,977,4.0
365,938,5.0
366,2,4.0
366,349,4.0
366,3,4.0
366,4,4.0
366,6,4.0
366,1270,4.0
366,13,4.0
366,608,4.0
366,396,4.0
366,647,4.0
366,339,5.0
366,15,4.0
366,16,4.0
366,422,4.0
366,21,4.0
366,1693,4.0
366,3629,4.0
366,22,5.0
366,28,4.0
366,30,4.0
366,649,4.0
366,615,5.0
366,258,4.0
366,679,4.0
366,50,4.0
366,51,5.0
366,465,4.0
366,54,4.0
366,654,5.0
366,57,5.0
366,58,4.0
366,616,5.0
366,681,4.0
366,60,5.0
366,61,4.0
366,62,4.0
366,63,4.0
366,682,4.0
366,65,4.0
366,1053,4.0
366,68,4.0
366,1164,4.0
366,660,5.0
366,271,4.0
366,1096,4.0
366,686,4.0
366,572,4.0
366,1275,5.0
366,467,5.0
366,2630,4.0
366,84,4.0
366,86,4.0
366,94,4.0
366,3362,4.0
366,2149,4.0
366,1850,4.0
366,3774,4.0
366,100,5.0
366,4835,4.0
366,1498,4.0
366,121,4.0
366,126,4.0
366,139,4.0
366,299,4.0
366,300,4.0
366,155,4.0
366,159,4.0
366,173,4.0
366,1733,4.0
366,174,4.0
366,1616,4.0
366,308,4.0
366,1298,4.0
366,1405,4.0
366,4812,4.0
366,928,4.0
366,1108,4.0
366,4836,4.0
366,4403,4.0
366,1415,4.0
366,199,4.0
367,1475,4.0
367,414,4.0
367,1463,4.0
367,704,4.0
367,680,4.0
367,1697,4.5
367,56,4.0
367,69,4.0
367,76,4.0
367,862,4.0
367,79,4.5
367,86,4.5
367,1235,4.0
367,87,5.0
367,2325,5.0
367,293,4.0
367,130,4.0
367,139,4.5
367,149,4.0
367,1610,4.0
367,163,4.5
367,169,4.0
367,2689,4.0
367,1121,4.5
367,972,4.0
367,605,4.0
367,670,4.5
367,1124,4.0
367,3696,4.0
367,524,4.0
367,744,4.0
367,1772,4.0
367,747,4.0
367,1857,5.0
367,752,4.0
367,1147,4.0
367,1654,4.0
367,1671,4.0
367,2070,4.0
368,4,4.5
368,513,4.5
368,339,5.0
368,416,4.0
368,571,4.0
368,27,4.0
368,28,4.0
368,704,4.5
368,49,4.0
368,58,4.0
368,68,4.0
368,860,4.0
368,274,4.0
368,75,4.0
368,598,4.5
368,88,4.0
368,285,4.0
368,112,4.0
368,124,4.0
368,136,4.0
368,139,4.0
368,4837,4.0
368,299,4.5
368,163,4.5
368,168,4.0
368,1284,4.0
368,605,4.0
368,475,4.0
368,1124,4.0
368,671,4.5
368,479,4.5
368,482,4.0
368,484,4.5
368,489,4.0
368,201,4.0
368,1259,4.5
368,492,4.5
368,744,4.0
368,496,4.0
368,501,4.0
368,4144,4.0
368,1777,4.0
368,759,4.0
368,760,4.0
368,1146,4.0
369,895,4.5
369,27,4.0
369,31,4.0
369,1050,5.0
369,464,5.0
369,655,5.0
369,59,5.0
369,685,5.0
369,1055,5.0
369,1490,4.0
369,1586,5.0
369,2325,4.5
369,1371,5.0
369,128,5.0
369,139,5.0
369,3803,5.0
369,165,4.5
369,666,5.0
369,196,4.0
369,197,4.0
369,604,4.0
369,3310,4.0
369,670,4.5
369,4838,4.0
369,479,4.5
369,2603,4.5
369,488,5.0
369,1042,5.0
369,982,5.0
369,492,4.5
369,744,5.0
369,2800,4.5
369,1659,4.5
369,4839,5.0
369,3428,5.0
369,1798,4.0
369,4840,5.0
369,4841,5.0
370,2,5.0
370,347,4.0
370,2288,4.0
370,349,4.0
370,607,4.0
370,354,4.0
370,333,4.0
370,355,4.0
370,3,5.0
370,4,5.0
370,2290,4.0
370,6,4.0
370,370,4.0
370,1270,4.0
370,460,4.0
370,3485,5.0
370,513,4.0
370,3853,4.0
370,1691,4.0
370,13,4.0
370,395,4.0
370,647,4.0
370,339,4.0
370,1265,5.0
370,400,5.0
370,402,5.0
370,4842,4.0
370,4843,4.0
370,512,4.0
370,413,4.0
370,415,5.0
370,416,5.0
370,420,4.0
370,20,5.0
370,340,4.0
370,1202,4.0
370,429,4.0
370,22,5.0
370,570,4.0
370,648,4.0
370,25,4.0
370,703,4.0
370,246,4.0
370,571,4.0
370,28,4.0
370,343,4.0
370,30,5.0
370,1877,4.0
370,32,4.0
370,443,4.0
370,1936,4.0
370,449,4.0
370,615,5.0
370,249,4.0
370,253,4.0
370,856,4.0
370,1162,4.0
370,679,5.0
370,2145,4.0
370,47,4.0
370,858,4.0
370,50,5.0
370,51,4.0
370,53,4.0
370,54,4.0
370,2307,4.0
370,2308,4.0
370,2111,5.0
370,1713,5.0
370,56,4.0
370,57,4.0
370,58,5.0
370,616,5.0
370,681,4.0
370,267,4.0
370,1163,5.0
370,60,5.0
370,61,5.0
370,62,5.0
370,63,5.0
370,1273,5.0
370,682,5.0
370,66,4.0
370,1164,5.0
370,1110,4.0
370,685,4.0
370,271,4.0
370,662,5.0
370,70,4.0
370,71,5.0
370,75,5.0
370,861,4.0
370,1352,4.0
370,4386,4.0
370,710,4.0
370,587,5.0
370,2561,5.0
370,1483,5.0
370,1354,4.0
370,1275,5.0
370,4844,4.0
370,3357,4.0
370,573,5.0
370,2562,5.0
370,466,4.0
370,3359,4.0
370,467,4.0
371,2,5.0
371,349,4.0
371,607,5.0
371,354,4.0
371,333,4.0
371,3,5.0
371,4,5.0
371,6,4.0
371,646,5.0
371,370,4.0
371,3485,4.0
371,383,4.0
371,12,4.0
371,1691,5.0
371,511,5.0
371,237,5.0
371,608,4.0
371,4125,5.0
371,1748,4.0
371,609,4.0
371,339,5.0
371,4845,5.0
371,402,5.0
371,404,5.0
371,16,4.0
371,413,5.0
371,702,5.0
371,2719,5.0
371,243,5.0
371,21,4.0
371,428,5.0
371,613,4.0
371,22,5.0
371,849,5.0
371,26,4.0
371,28,5.0
371,342,5.0
371,29,5.0
371,436,4.0
371,462,4.0
372,6,5.0
372,1445,4.0
372,1270,4.0
372,11,4.0
372,339,5.0
372,402,4.0
372,1268,4.0
372,16,4.0
372,416,5.0
372,21,4.0
372,444,4.0
372,1273,5.0
372,685,4.0
372,3571,4.0
372,1881,4.0
372,1584,5.0
372,710,5.0
373,354,5.0
373,402,5.0
373,1268,4.0
373,16,4.5
373,1272,5.0
373,56,5.0
373,2562,5.0
373,467,4.5
373,1236,4.0
373,91,4.0
373,584,4.5
373,3491,4.0
373,102,4.0
373,1499,4.5
373,299,5.0
373,1388,4.0
373,1401,5.0
373,187,5.0
373,319,4.5
373,670,5.0
373,1147,5.0
374,955,4.5
374,354,5.0
374,373,5.0
374,1270,5.0
374,509,4.0
374,384,4.0
374,13,4.0
374,396,4.5
374,405,4.0
374,15,4.0
374,611,4.0
374,1456,4.5
374,422,4.0
374,20,4.0
374,21,4.0
374,22,4.5
374,614,4.0
374,648,5.0
374,433,4.0
374,571,5.0
374,462,5.0
374,32,4.0
374,650,5.0
374,463,4.0
374,444,4.0
374,615,4.0
374,256,4.0
374,651,4.0
374,465,4.0
374,653,5.0
374,56,4.0
374,57,4.0
374,58,4.0
374,61,4.5
374,63,5.0
374,682,4.5
374,657,5.0
374,684,4.5
374,68,4.0
374,1110,4.0
374,660,4.0
374,685,4.0
374,1096,4.0
374,70,4.0
374,71,4.5
374,75,4.0
374,1352,4.0
374,710,4.0
374,1275,4.0
374,1071,4.0
374,1358,4.5
374,958,4.0
374,466,4.5
374,467,4.0
374,619,5.0
374,98,5.0
374,112,4.5
374,1113,4.5
374,130,4.0
374,143,4.5
374,151,4.5
374,299,4.0
374,878,4.0
374,153,4.0
374,158,4.0
374,165,4.0
374,2153,5.0
374,1401,4.5
374,186,4.0
374,1250,4.0
374,670,5.0
374,475,4.0
374,329,4.5
374,671,4.5
374,479,4.5
374,480,4.5
374,1125,5.0
374,947,4.5
374,731,5.0
374,481,5.0
374,485,4.5
374,492,4.0
374,743,4.0
374,747,5.0
374,540,4.0
374,1143,4.0
374,758,5.0
374,203,4.5
374,508,5.0
374,769,5.0
374,1154,5.0
374,677,4.5
374,4846,4.0
374,208,4.0
374,798,4.0
374,2248,5.0
374,556,4.5
374,2866,5.0
374,3620,5.0
374,1179,5.0
375,354,4.5
375,333,4.0
375,373,5.0
375,1048,4.0
375,1456,4.0
375,1876,4.0
375,4529,5.0
375,217,4.5
375,2748,4.0
375,464,5.0
375,2143,4.5
375,3349,4.5
375,44,4.0
375,2111,4.5
375,616,4.5
375,267,5.0
375,60,5.0
375,63,5.0
375,1273,5.0
375,269,4.0
375,1580,4.0
375,1556,4.5
375,1096,4.5
375,859,4.5
375,1055,5.0
375,711,4.5
375,4847,4.0
375,80,4.5
375,2653,4.5
375,111,4.0
375,2576,5.0
375,1496,4.0
375,1373,4.5
375,2693,4.5
375,1605,4.0
375,298,4.0
375,300,5.0
375,3169,4.5
375,154,4.0
375,155,4.5
375,884,4.5
375,2584,4.5
375,1170,5.0
375,4848,4.0
375,889,5.0
375,4849,4.0
375,4245,4.0
375,4850,4.0
375,1960,4.0
375,4851,5.0
375,4852,5.0
375,4853,4.0
375,1633,4.5
375,4854,4.5
375,4855,4.5
375,4329,4.0
375,4856,5.0
375,4857,5.0
375,225,4.0
375,4858,5.0
375,2169,4.5
375,2203,5.0
375,4859,4.0
375,739,5.0
375,3473,5.0
375,4860,4.0
375,4861,4.5
375,1131,4.0
375,4862,5.0
375,4863,4.0
375,4864,4.0
375,1772,4.5
375,3592,5.0
375,753,4.0
375,4865,4.0
375,1076,4.5
375,4866,5.0
375,4867,4.5
375,4868,4.5
375,789,4.5
375,4869,4.0
375,4870,4.5
375,4871,4.0
375,803,5.0
376,0,4.5
376,334,4.0
376,402,4.5
376,413,4.5
376,22,4.5
376,28,4.5
376,654,4.5
376,62,4.0
376,1235,4.0
376,124,4.5
376,471,4.5
376,479,4.5
376,484,4.5
376,489,4.0
376,492,4.5
376,748,4.0
376,501,4.0
376,540,4.5
376,760,4.0
376,203,4.5
376,628,5.0
376,204,4.5
376,1160,4.5
376,698,4.0
376,545,4.0
376,1681,4.0
376,207,4.5
376,678,4.0
376,208,5.0
376,551,4.5
376,213,4.0
376,638,4.5
376,826,4.0
377,333,5.0
377,6,5.0
377,373,5.0
377,1270,4.0
377,509,4.0
377,396,4.0
377,15,4.0
377,16,5.0
377,416,4.0
377,422,4.0
377,20,5.0
377,21,4.0
377,614,4.0
377,571,4.0
377,26,5.0
378,0,5.0
378,344,5.0
378,2,5.0
378,955,5.0
378,4338,4.0
378,1469,4.0
378,1475,5.0
378,354,5.0
378,333,4.0
378,4121,4.0
378,3,5.0
378,4,4.0
378,359,4.0
378,1476,5.0
378,1031,5.0
378,6,4.0
378,9,5.0
378,460,5.0
378,1288,4.0
378,1289,4.0
378,4872,4.0
378,513,4.0
378,11,4.0
378,13,5.0
378,647,5.0
378,339,5.0
378,400,5.0
378,401,4.0
378,1268,5.0
378,409,5.0
378,16,5.0
378,413,5.0
378,18,5.0
378,414,4.0
378,415,5.0
378,416,5.0
378,1342,5.0
378,20,4.0
378,461,4.0
378,21,5.0
378,2565,5.0
378,427,4.0
378,648,5.0
378,849,5.0
378,703,5.0
378,1771,4.0
378,246,5.0
378,571,5.0
378,28,5.0
378,342,4.0
378,343,4.0
378,29,4.0
378,30,4.0
378,435,4.0
378,437,4.0
378,462,4.0
378,3405,4.0
378,851,5.0
378,650,5.0
378,463,5.0
378,444,4.0
378,1936,5.0
378,854,4.0
378,615,4.0
378,464,4.0
378,1162,4.0
378,1576,4.0
378,3773,5.0
378,1093,4.0
378,1272,4.0
378,900,4.0
378,42,4.0
378,679,5.0
378,1712,4.0
378,458,4.0
378,48,4.0
378,858,5.0
378,49,5.0
378,50,4.0
378,53,4.0
378,1697,4.0
378,54,4.0
378,2568,4.0
378,55,5.0
378,653,5.0
378,654,4.0
378,56,5.0
378,58,5.0
378,655,5.0
378,616,5.0
378,681,5.0
378,656,5.0
378,60,4.0
378,61,5.0
378,62,5.0
378,63,5.0
378,1273,5.0
378,268,4.0
378,64,5.0
378,682,5.0
378,65,5.0
378,657,5.0
378,684,5.0
378,68,5.0
378,69,4.0
378,685,4.0
378,662,5.0
378,70,5.0
378,272,5.0
378,71,5.0
378,72,5.0
378,664,4.0
378,73,5.0
378,2753,4.0
378,75,5.0
378,1549,4.0
378,2570,5.0
378,3571,4.0
378,2572,5.0
378,77,4.0
378,710,5.0
378,2625,4.0
378,3208,4.0
378,1483,4.0
378,1275,4.0
378,4873,4.0
378,1194,4.0
378,1359,4.0
378,864,4.0
378,957,4.0
378,81,4.0
378,865,4.0
378,82,5.0
378,958,5.0
378,83,4.0
378,3359,5.0
378,467,4.0
378,84,5.0
378,617,4.0
378,1585,4.0
378,1490,5.0
378,1235,4.0
378,959,5.0
378,87,5.0
378,2148,4.0
378,528,5.0
378,1493,4.0
378,92,4.0
378,94,5.0
378,95,5.0
378,4051,4.0
378,1699,5.0
378,1277,4.0
378,96,4.0
378,618,4.0
378,1884,5.0
378,3328,4.0
378,1246,4.0
378,2150,4.0
378,619,4.0
378,98,4.0
378,100,5.0
378,103,4.0
378,286,5.0
378,106,4.0
378,869,4.0
378,907,5.0
378,108,5.0
378,112,5.0
378,1496,5.0
378,115,4.0
378,870,4.5
378,118,4.0
378,1594,5.0
378,119,4.0
378,120,5.0
378,122,4.0
378,4540,4.0
378,218,5.0
378,2655,4.0
378,1600,4.0
378,912,5.0
378,126,5.0
378,913,5.0
378,1945,4.0
378,3972,4.0
378,1723,5.0
378,717,4.0
378,2695,5.0
378,874,4.0
378,1604,4.0
378,1605,5.0
378,133,5.0
378,3780,4.0
378,137,5.0
378,139,4.5
378,2152,4.0
378,1248,5.0
378,143,4.0
378,144,4.0
378,147,5.0
378,915,5.0
378,150,5.0
378,2261,4.0
378,916,4.0
378,151,5.0
378,4073,4.0
378,917,4.0
378,152,4.0
378,299,5.0
378,4874,4.0
378,1610,4.0
378,300,4.0
378,918,4.0
378,1505,4.0
378,1390,4.0
378,1612,4.0
378,158,5.0
378,879,4.0
378,303,4.0
378,160,5.0
378,161,5.0
378,162,5.0
378,719,5.0
378,163,4.0
378,881,4.0
378,164,5.0
378,165,5.0
378,964,4.0
378,965,5.0
378,166,4.0
378,168,4.0
378,2583,4.0
378,169,5.0
378,1103,4.5
378,171,5.0
378,720,4.0
378,967,5.0
378,4074,4.0
378,471,5.0
378,620,4.0
378,885,5.0
378,886,5.0
378,2154,4.0
378,1955,4.0
378,1062,4.0
378,2586,4.0
378,1118,4.0
378,721,4.0
378,599,4.0
378,3329,4.0
378,1170,4.0
378,889,5.0
378,1736,5.0
378,925,4.0
378,3174,4.0
378,4104,4.0
378,185,4.0
378,621,5.0
378,315,5.0
378,622,4.0
378,186,5.0
378,1121,5.0
378,3159,4.0
378,187,4.0
378,968,4.0
378,969,4.0
378,970,5.0
378,971,4.0
378,190,5.0
378,3499,4.0
378,1959,4.0
378,191,5.0
378,192,5.0
378,3330,4.0
378,194,5.0
378,927,4.0
378,196,5.0
378,603,4.0
378,972,5.0
378,472,4.0
378,473,5.0
378,1627,4.0
378,1415,4.0
378,974,4.0
378,605,5.0
378,931,4.0
378,1301,4.0
378,1038,4.0
378,1420,4.0
378,2592,5.0
378,670,5.0
378,2658,4.0
378,475,5.0
378,726,4.0
378,2771,4.0
378,3579,5.0
378,1251,4.0
378,3175,4.0
378,4875,4.0
378,4113,4.0
378,692,5.0
378,977,4.0
378,1439,4.0
378,3533,4.0
378,4876,4.0
378,4877,5.0
378,1072,5.0
378,2109,4.0
378,1124,4.0
378,477,5.0
378,2223,4.0
378,1895,4.0
378,479,5.0
378,4878,4.0
378,1125,4.0
378,4264,4.0
378,2645,5.0
378,4879,4.0
378,1126,4.0
378,518,4.0
378,2020,4.0
378,4435,5.0
378,945,4.0
378,2021,4.0
378,730,4.0
378,1303,4.0
378,948,4.0
378,731,4.0
378,2023,5.0
378,481,4.0
378,979,4.0
378,4161,4.0
378,732,5.0
378,4535,4.0
378,4880,4.0
378,1524,4.0
378,4881,4.0
378,980,4.0
378,482,5.0
378,1901,4.0
378,4266,5.0
378,4526,5.0
378,1552,5.0
378,484,5.0
378,4882,4.0
378,673,5.0
378,485,4.0
378,486,4.0
378,693,4.0
378,4883,4.0
378,1906,4.0
378,4884,4.0
378,4885,4.0
378,953,4.0
378,1639,5.0
378,487,5.0
378,694,5.0
378,488,4.0
378,1305,4.0
378,737,4.0
378,1127,4.0
378,489,5.0
378,2275,4.0
378,2339,4.0
378,4886,4.0
378,1640,5.0
378,4887,5.0
378,4267,4.0
378,1042,5.0
378,1979,4.0
378,2606,4.0
378,2279,4.0
378,740,4.0
378,741,4.0
378,201,4.0
378,531,4.0
378,4888,4.0
378,1983,5.0
378,1911,4.0
378,2780,5.0
378,3813,5.0
378,695,5.0
378,491,4.0
378,742,4.0
378,492,5.0
378,4437,4.0
378,3021,4.0
378,743,4.0
378,4889,4.0
378,1991,5.0
378,4890,4.0
378,2610,5.0
378,4272,4.0
378,493,4.0
378,696,4.0
378,983,4.0
378,984,4.0
378,2612,5.0
378,4891,4.0
378,3816,5.0
378,986,4.0
378,1553,4.0
378,496,5.0
378,989,5.0
378,497,5.0
378,4892,4.0
378,2228,4.0
378,4143,4.0
378,1648,5.0
378,1856,5.0
378,748,4.0
378,500,4.0
378,501,4.0
378,990,4.0
378,4893,4.0
378,2800,5.0
378,3823,4.0
378,4894,5.0
378,4895,5.0
378,1774,4.0
378,1775,4.0
378,675,5.0
378,3244,4.0
378,1263,4.0
378,4896,4.0
378,1701,4.0
378,1140,5.0
378,4897,4.0
378,1659,4.0
378,1929,5.0
378,4898,4.0
378,1777,4.0
378,991,4.0
378,1778,4.0
378,4899,4.0
378,626,4.0
378,540,5.0
378,4900,5.0
378,1931,4.0
378,4760,4.0
378,1143,5.0
378,3402,4.0
378,754,5.0
378,4441,4.0
378,756,5.0
378,3314,4.0
378,758,5.0
378,759,5.0
378,2208,4.0
378,3176,4.0
378,4285,4.0
378,4784,5.0
378,994,5.0
378,4901,4.0
378,3998,4.0
378,4902,4.0
378,760,4.0
378,763,4.0
378,4785,5.0
378,2231,5.0
378,2047,4.0
378,505,4.0
378,764,5.0
378,4444,4.0
378,4903,4.0
378,1662,4.0
378,4904,4.0
378,627,4.0
378,676,5.0
378,628,5.0
378,2370,5.0
378,508,5.0
378,2232,4.0
378,3030,4.0
378,1665,5.0
378,1667,5.0
378,1078,4.0
378,4905,4.0
378,1669,4.0
378,4906,4.0
378,2196,4.0
378,2059,4.0
378,1655,5.0
378,2061,5.0
378,1316,4.0
378,1673,5.0
378,1674,5.0
378,1675,5.0
378,1044,4.0
378,2662,4.0
378,4446,4.0
378,1151,4.0
378,2663,4.0
378,4907,5.0
378,1676,4.0
378,3213,4.0
378,1152,4.0
378,775,5.0
378,204,5.0
378,777,5.0
378,1154,5.0
378,1001,4.0
378,2665,4.0
378,677,5.0
378,2666,4.0
378,4908,4.0
378,4909,4.0
378,1679,4.0
378,4910,4.0
378,3885,4.0
378,4911,4.0
378,1861,5.0
378,4912,4.0
378,2835,5.0
378,2235,4.0
378,781,4.0
378,4913,4.0
378,1177,5.0
378,785,4.0
378,698,4.0
378,545,5.0
378,1680,4.0
378,1681,4.0
378,1003,4.0
378,1080,5.0
378,3042,4.0
378,2323,4.0
378,2087,4.0
378,3740,5.0
378,793,4.0
378,794,4.0
378,795,4.0
378,4914,4.0
378,4915,4.0
378,2400,4.0
378,678,5.0
378,4168,4.0
378,4916,4.0
378,208,5.0
378,4917,5.0
378,2134,4.0
378,796,4.0
378,1865,4.5
378,2136,4.0
378,1798,4.0
378,4918,5.0
378,2096,5.0
378,4155,4.0
378,2097,5.0
378,4919,5.0
378,2243,4.0
378,4920,4.0
378,2409,5.0
378,1801,5.0
378,4462,4.0
378,1802,5.0
378,1685,4.0
378,801,5.0
378,1008,4.0
378,3261,5.0
378,802,5.0
378,2854,4.0
378,4921,4.0
378,2100,5.0
378,803,5.0
378,4922,5.0
378,4174,4.0
378,4175,5.0
378,551,4.0
378,2249,4.0
378,4923,5.0
378,3959,5.0
378,2251,5.0
378,1011,5.0
378,2252,4.0
378,4924,4.0
378,4925,4.0
378,4926,5.0
378,3183,4.0
378,4927,4.0
378,4928,4.0
378,4929,4.0
378,1181,4.0
378,1871,4.0
378,807,4.0
378,3219,5.0
378,3220,5.0
378,1183,5.0
378,810,5.0
378,1872,5.0
378,811,5.0
378,1179,4.0
378,3185,4.0
378,812,4.0
378,813,5.0
378,4930,5.0
378,4931,5.0
378,2258,5.0
378,814,4.0
378,4932,4.0
378,3221,4.0
378,4191,4.0
378,4933,4.0
378,2878,5.0
378,2879,4.0
378,1017,4.0
378,2139,4.0
378,3934,5.0
378,4193,4.0
378,4934,5.0
378,819,4.0
378,1816,5.0
378,1687,4.0
378,820,5.0
378,639,5.0
378,1021,4.0
378,3282,5.0
378,823,5.0
378,1822,5.0
378,1022,5.0
378,3936,4.0
378,828,5.0
378,215,4.0
378,641,4.0
378,1826,5.0
378,829,5.0
378,1186,5.0
378,1084,5.0
378,1085,5.0
378,830,5.0
378,1555,5.0
378,1025,5.0
378,1828,5.0
378,643,5.0
378,1829,4.0
378,4199,4.0
378,565,4.0
378,4935,4.0
378,3940,4.0
378,3289,4.0
378,3944,5.0
378,3947,4.0
378,4484,4.0
378,3949,4.0
378,4159,4.0
378,1028,5.0
378,4936,4.0
378,841,5.0
378,4937,4.0
378,1029,4.0
378,3305,4.0
378,3749,4.0
378,645,5.0
378,4755,4.0
378,3306,5.0
378,1837,5.0
378,844,5.0
378,4202,4.0
378,1839,4.0
378,4938,4.0
378,4939,5.0
378,4940,5.0
378,1086,4.0
378,4941,4.0
378,3967,4.0
378,4942,4.0
378,1848,4.0
378,4943,4.0
379,344,4.0
379,4,4.5
379,361,4.5
379,384,5.0
379,511,4.0
379,390,4.0
379,14,4.5
379,16,4.0
379,413,4.0
379,415,4.0
379,20,4.0
379,21,4.0
379,1202,4.0
379,427,4.0
379,614,4.0
379,849,5.0
379,433,4.0
379,246,4.0
379,434,4.0
379,31,5.0
379,444,4.0
379,445,4.0
379,854,4.0
379,34,4.0
379,900,4.5
379,901,4.0
379,260,5.0
379,48,4.0
379,49,4.0
379,53,4.0
379,55,4.0
379,57,4.0
379,58,4.0
379,709,4.0
379,685,4.0
379,71,4.0
379,74,4.0
379,861,4.0
379,903,4.0
379,79,4.0
379,958,4.0
379,617,4.0
379,200,4.5
379,3490,4.5
379,88,4.5
379,528,4.0
379,715,4.5
379,95,5.0
379,285,5.0
379,97,4.5
379,4100,4.0
379,2006,4.5
379,118,4.5
379,119,4.0
379,122,4.0
379,123,5.0
379,124,4.0
379,125,4.5
379,912,4.0
379,913,4.0
379,1499,4.0
379,4358,4.0
379,136,4.5
379,139,5.0
379,1248,4.0
379,470,4.0
379,149,4.0
379,592,4.0
379,151,4.0
379,152,4.5
379,299,5.0
379,1610,4.0
379,153,4.0
379,879,4.5
379,163,5.0
379,666,4.0
379,171,4.0
379,3526,4.0
379,1401,4.0
379,2012,4.0
379,185,4.0
379,600,4.0
379,892,4.0
379,601,4.0
379,196,4.0
379,473,4.0
379,624,5.0
379,1300,4.0
379,1415,4.0
379,931,4.0
379,932,4.0
379,1301,4.0
379,2017,4.0
379,933,4.0
379,670,4.5
379,1513,4.0
379,475,4.0
379,1251,4.0
379,625,4.5
379,1971,5.0
379,2699,4.5
379,1124,5.0
379,477,4.0
379,329,4.0
379,478,4.0
379,671,5.0
379,479,4.0
379,480,4.0
379,1073,4.5
379,518,4.0
379,945,5.0
379,1303,5.0
379,731,5.0
379,2023,4.5
379,1523,4.0
379,482,5.0
379,483,4.0
379,981,4.0
379,484,4.0
379,1977,4.0
379,673,4.0
379,485,4.0
379,735,5.0
379,1906,4.5
379,488,4.0
379,737,5.0
379,1254,4.5
379,1910,4.0
379,2730,4.0
379,1065,4.0
379,490,5.0
379,2652,4.0
379,1982,4.0
379,695,4.5
379,491,4.5
379,492,4.0
379,2781,4.5
379,2783,4.0
379,744,4.0
379,4240,4.5
379,987,4.0
379,988,4.0
379,1920,4.0
379,989,4.0
379,747,4.0
379,1647,4.0
379,501,4.5
379,2036,4.0
379,2800,4.0
379,2806,4.5
379,1857,4.0
379,1141,5.0
379,4944,4.5
379,697,5.0
379,4945,4.5
379,1310,4.0
379,503,4.0
379,3308,4.5
379,4164,4.0
379,994,4.0
379,1779,4.0
379,4946,4.5
379,760,4.5
379,1146,4.0
379,761,4.0
379,1264,4.0
379,2047,4.0
379,506,4.0
379,2048,4.0
379,3566,4.0
379,3596,4.0
379,1313,5.0
379,4903,4.0
379,1077,4.0
379,1554,5.0
379,1663,4.0
379,1147,4.0
379,203,5.0
379,1175,5.0
379,628,4.0
379,2371,4.0
379,542,4.0
379,1149,4.5
379,4947,4.0
379,2660,4.0
379,998,4.0
379,4601,4.0
379,4001,5.0
379,2821,4.0
379,1860,4.0
379,1655,4.5
379,2621,5.0
379,769,4.0
379,2661,4.0
379,1044,4.0
379,1151,4.0
379,1656,5.0
379,774,4.5
379,1789,4.0
379,1159,4.5
379,1320,5.0
379,785,4.0
379,1792,4.0
379,545,4.5
379,1003,5.0
379,2084,4.0
379,631,5.0
379,2707,5.0
379,4948,4.0
379,1539,5.0
379,3611,4.0
379,3612,4.0
379,789,4.5
379,790,4.0
379,678,4.0
379,4352,4.0
380,0,4.5
380,4,5.0
380,373,4.0
380,235,4.0
380,13,5.0
380,339,5.0
380,402,5.0
380,16,4.5
380,512,4.5
380,22,5.0
380,246,5.0
380,28,5.0
380,463,5.0
380,615,5.0
380,255,4.0
380,256,5.0
380,56,5.0
380,58,5.0
380,681,4.5
380,1163,5.0
380,61,4.5
380,63,5.0
380,268,5.0
380,658,5.0
380,70,5.0
380,1352,4.5
380,617,4.5
380,580,5.0
380,528,4.5
380,469,5.0
380,100,4.5
380,104,4.0
380,106,4.5
380,2655,4.5
380,139,5.0
380,915,4.5
380,160,4.5
380,161,5.0
380,163,5.0
380,965,4.0
380,192,5.0
380,1420,4.0
380,670,5.0
380,1514,5.0
380,329,4.5
380,479,5.0
380,518,4.5
380,947,4.0
380,483,4.0
380,484,5.0
380,488,4.0
380,492,5.0
380,536,4.0
380,987,4.5
380,626,4.5
380,1142,4.0
380,2229,4.5
380,1076,4.0
380,757,4.5
380,2189,4.5
380,994,4.5
380,1779,4.5
380,762,5.0
380,2048,4.5
380,202,4.5
380,1663,4.5
380,1655,5.0
380,1317,5.0
380,2662,4.5
380,2738,4.0
380,4949,4.0
380,204,5.0
380,777,4.5
380,1787,4.0
380,677,5.0
380,1677,5.0
380,1159,4.5
380,1079,5.0
380,206,5.0
380,545,4.5
380,1003,4.5
380,3612,4.5
380,790,4.5
380,795,4.0
380,678,5.0
380,208,5.0
380,1005,4.0
380,1798,4.0
380,1684,4.5
380,803,4.5
380,806,4.5
380,554,4.0
380,811,4.5
380,812,4.5
380,2258,4.0
380,2105,4.0
380,637,5.0
380,1812,4.5
380,1816,4.0
380,4695,4.0
380,1822,4.0
380,1023,4.0
380,1825,4.5
380,215,5.0
380,1555,4.0
380,1829,4.0
380,4200,4.0
380,4950,4.0
380,645,4.5
381,373,4.0
381,614,4.0
381,855,4.0
381,709,5.0
381,1700,5.0
381,665,4.0
381,466,4.0
381,716,5.0
381,873,5.0
381,3844,5.0
381,2678,4.0
381,1500,5.0
381,4951,4.0
381,1060,5.0
381,1243,4.0
381,299,5.0
381,4120,4.0
381,4952,4.0
381,4953,4.0
381,1035,5.0
381,1615,4.0
382,359,4.0
382,513,4.0
382,339,5.0
382,1268,4.0
382,20,4.0
382,21,4.0
382,679,4.0
382,51,4.0
382,1163,5.0
382,65,4.0
382,685,4.0
382,2114,4.0
382,121,4.0
382,912,4.0
382,136,4.0
382,298,4.0
382,963,4.0
382,163,4.0
382,165,4.0
382,1887,4.0
382,2690,4.0
382,1617,4.0
382,890,5.0
382,2119,5.0
382,1627,4.0
382,319,5.0
382,605,5.0
382,322,4.0
382,4954,4.0
382,3333,4.0
382,4955,4.0
383,0,4.0
383,332,5.0
383,354,4.0
383,1212,4.0
383,373,5.0
383,3485,4.0
383,1200,4.0
383,2686,4.0
383,1201,5.0
383,13,4.0
383,339,4.0
383,402,5.0
383,404,5.0
383,16,4.0
383,242,4.0
383,1456,4.0
383,3439,5.0
383,20,4.0
383,2719,4.0
383,21,4.0
383,1202,4.0
383,648,5.0
383,25,4.0
383,246,4.0
383,571,5.0
383,30,5.0
383,4339,5.0
383,443,4.0
383,1050,4.0
383,463,5.0
383,615,5.0
383,855,4.0
383,464,4.0
383,39,4.0
383,48,4.0
383,858,4.0
383,49,4.0
383,2308,4.0
383,55,4.0
383,265,4.0
383,1713,4.0
383,56,5.0
383,57,4.0
383,58,5.0
383,655,5.0
383,616,4.0
383,1163,5.0
383,59,5.0
383,60,4.0
383,61,4.0
383,2752,5.0
383,62,5.0
383,268,4.0
383,64,4.0
383,682,4.0
383,65,4.0
383,683,4.0
383,684,4.0
383,68,4.0
383,709,4.0
383,1714,4.0
383,685,4.0
383,70,5.0
383,71,4.0
383,1165,5.0
383,2753,4.0
383,74,4.0
383,273,4.0
383,860,4.0
383,1097,4.0
383,274,5.0
383,75,5.0
383,1700,4.0
383,861,4.0
383,76,4.0
383,1166,5.0
383,1583,4.0
383,4956,4.0
383,710,4.0
383,1276,4.0
383,573,4.0
383,864,4.0
384,349,4.0
384,332,4.0
384,333,4.0
384,369,4.0
384,9,4.0
384,339,5.0
384,4006,4.0
384,612,4.0
384,1464,4.0
384,28,4.0
384,30,4.0
385,3,4.5
385,4,4.5
385,3627,4.5
385,646,4.5
385,3438,4.0
385,233,4.0
385,9,4.0
385,3006,4.0
385,513,4.0
385,13,4.5
385,610,4.0
385,647,4.5
385,339,5.0
385,409,4.0
385,16,4.0
385,4957,4.0
385,648,4.5
385,23,4.0
385,27,4.0
385,28,4.0
385,30,4.0
385,1050,4.5
385,650,4.0
385,463,5.0
385,704,4.5
385,615,4.5
385,855,5.0
385,254,4.0
385,1091,4.0
385,256,5.0
385,651,4.5
385,514,4.0
385,35,4.5
385,464,5.0
385,1751,4.0
385,259,4.5
385,856,4.0
385,857,4.0
385,1576,4.0
385,44,4.5
385,48,4.5
385,858,4.0
385,49,4.5
385,50,4.5
385,1752,4.0
385,264,4.0
385,1205,4.0
385,1697,4.0
385,54,4.5
385,55,4.5
385,653,4.0
385,1577,4.5
385,654,4.0
385,56,4.5
385,57,4.0
385,58,4.0
385,655,4.5
385,681,4.0
385,1163,4.0
385,59,5.0
385,60,5.0
385,61,4.0
385,706,5.0
385,63,4.0
385,268,4.5
385,682,4.5
385,65,4.0
385,657,4.0
385,707,4.0
385,683,4.0
385,658,5.0
385,1578,4.5
385,1054,5.0
385,68,4.0
385,1580,4.5
385,708,4.0
385,659,4.5
385,1274,4.5
385,1110,4.5
385,270,4.0
385,1556,4.5
385,660,5.0
385,1714,4.0
385,69,4.0
385,685,4.5
385,661,4.0
385,662,4.0
385,686,5.0
385,3634,4.0
385,1055,4.5
385,664,4.0
385,74,4.0
385,274,4.5
385,2754,4.0
385,665,4.0
385,3140,4.0
385,4386,4.0
385,1881,4.0
385,1584,4.0
385,1057,4.5
385,84,4.5
385,200,4.0
385,1586,4.5
385,2325,4.0
385,3572,4.0
385,1168,4.5
385,1032,4.0
385,1033,4.0
385,1941,4.0
385,1850,4.0
385,95,4.0
385,1589,4.0
385,1719,4.0
385,2150,4.0
385,469,4.5
385,1720,4.0
385,4958,4.0
385,286,4.5
385,115,4.0
385,1034,4.5
385,118,4.0
385,1596,4.0
385,3777,4.0
385,2221,4.0
385,218,4.0
385,4959,4.5
385,123,4.0
385,517,4.5
385,4960,4.0
385,1885,4.0
385,716,4.0
385,124,4.0
385,2151,4.5
385,4109,4.0
385,128,4.0
385,873,4.0
385,136,4.0
385,137,4.0
385,1761,4.0
385,139,4.0
385,297,4.0
385,4961,4.0
385,1609,4.0
385,149,4.0
385,1297,4.0
385,4962,4.0
385,1504,4.5
385,4963,4.0
385,918,4.0
385,3803,4.0
385,155,4.5
385,1390,4.0
385,3997,4.5
385,303,4.0
385,160,4.0
385,162,4.0
385,163,4.5
385,4964,4.5
385,3876,4.0
385,168,4.0
385,666,4.0
385,1730,4.5
385,2153,4.5
385,3457,4.0
385,175,4.0
385,309,4.0
385,721,4.0
385,1735,4.0
385,3495,4.0
385,888,4.0
385,889,4.0
385,1769,4.5
385,2326,4.0
385,3464,4.5
385,1766,4.5
385,1742,4.0
385,1121,4.5
385,190,4.0
385,4259,4.0
385,691,4.0
385,668,4.0
385,1559,5.0
385,3513,4.5
385,1622,4.0
385,4965,4.0
385,624,4.0
385,319,4.5
385,933,4.0
385,4966,4.0
385,2158,4.0
385,670,4.5
385,1063,4.5
385,725,4.5
385,4967,4.5
385,4968,4.5
385,4969,4.0
385,4970,4.0
385,1631,4.5
385,2159,4.0
385,3209,4.0
385,4533,4.0
385,1039,5.0
385,1124,4.5
385,1560,4.0
385,1561,4.0
385,671,4.0
385,941,4.0
385,199,4.0
385,2645,4.5
385,4971,4.0
385,4769,4.5
385,4972,4.0
385,1900,4.0
385,482,4.5
385,1901,4.0
385,4973,4.0
385,3810,4.0
385,4974,4.0
385,4975,4.0
385,4976,4.0
385,4977,4.0
385,2170,4.0
385,694,4.0
385,1171,4.0
385,4770,4.0
385,4978,4.5
385,1640,4.0
385,3515,4.0
385,2174,4.5
385,4979,4.0
385,3729,4.5
385,4980,4.0
385,740,4.0
385,201,4.0
385,4981,4.5
385,2779,4.0
385,4023,4.0
385,4982,4.0
385,3473,4.5
385,4983,4.0
385,695,5.0
385,4984,4.0
385,1066,4.0
385,1854,4.0
385,4569,4.0
385,4570,4.0
385,2179,4.5
385,4270,4.0
385,1562,4.5
385,3516,4.0
385,1043,4.0
385,1067,4.0
385,4028,4.0
385,1564,4.0
385,1131,4.0
385,4985,4.0
385,4986,4.0
385,1994,4.0
385,4987,4.0
385,4730,4.0
385,3517,4.0
385,4988,4.0
385,4989,4.0
385,4990,4.5
385,3816,4.0
385,1917,4.5
385,1645,4.0
385,3738,4.0
385,2182,4.0
385,4991,4.0
385,4992,4.0
385,494,4.5
385,1069,4.0
385,4993,4.0
385,4775,4.5
385,4994,4.0
385,748,4.0
385,4995,4.0
385,4996,4.0
385,4997,4.0
385,3519,4.5
385,3010,4.0
385,4998,4.0
385,4999,4.0
385,2187,4.0
385,1925,4.0
385,675,5.0
385,1777,4.0
385,4044,4.0
385,540,4.0
385,756,4.0
385,2042,4.0
385,1660,4.0
385,760,4.5
385,762,4.0
385,4131,4.0
385,3884,4.0
385,3838,4.5
385,3210,4.0
385,627,4.0
385,676,4.0
385,203,4.0
385,1175,4.5
385,628,4.5
385,4905,4.0
385,1669,4.0
385,5000,4.0
385,771,4.0
385,772,4.0
385,1044,4.5
385,1656,4.0
385,1045,4.0
386,57,4.0
386,5001,4.0
386,475,5.0
386,518,4.5
386,737,4.0
386,986,5.0
386,992,5.0
386,5002,4.0
386,2817,4.5
386,997,5.0
386,3931,5.0
386,1004,5.0
386,5003,4.0
386,3182,5.0
386,557,5.0
387,0,5.0
387,345,4.0
387,2,5.0
387,350,4.0
387,607,4.0
387,354,4.0
387,361,5.0
387,5004,4.0
387,367,4.0
387,368,4.0
387,2293,5.0
387,370,5.0
387,13,5.0
387,611,4.0
387,1470,4.0
387,1877,5.0
387,1548,4.0
387,1573,4.0
387,32,5.0
387,443,5.0
387,444,5.0
387,1346,4.0
387,446,4.0
387,1347,5.0
387,1480,5.0
387,710,5.0
388,6,4.0
388,12,4.0
388,1213,4.5
388,1214,5.0
388,22,4.5
388,654,5.0
388,655,4.5
388,1879,5.0
388,581,4.5
388,2325,4.5
388,3865,4.0
388,286,4.5
388,218,4.0
388,123,5.0
388,1944,4.5
388,124,4.0
388,139,4.5
388,1886,4.0
388,163,5.0
388,172,4.0
388,2689,4.0
388,314,4.0
388,930,4.5
388,670,4.5
388,324,4.0
388,671,5.0
388,1073,4.0
388,2645,4.5
388,5005,4.0
388,482,4.5
388,1552,4.0
388,693,4.5
388,694,5.0
388,737,5.0
388,742,4.5
388,5006,4.0
388,743,4.5
388,744,5.0
388,2784,4.5
388,2282,4.5
388,3240,5.0
388,5007,5.0
388,1920,4.5
388,2036,4.0
388,2791,5.0
388,2806,4.5
388,2702,4.5
388,755,5.0
388,5008,5.0
388,5009,4.0
388,4071,4.0
388,1079,4.0
388,1320,4.0
389,2,4.0
389,607,5.0
389,1047,5.0
389,354,4.0
389,4,4.0
389,335,4.0
389,6,5.0
389,646,5.0
389,373,4.0
389,3438,4.0
389,5010,4.0
389,513,4.0
389,2686,4.0
389,3887,4.0
389,13,5.0
389,237,5.0
389,647,5.0
389,339,5.0
389,1265,4.0
389,1292,5.0
389,1214,5.0
389,402,5.0
389,241,5.0
389,409,4.0
389,16,5.0
389,512,4.0
389,242,4.0
389,3439,4.0
389,20,4.0
389,244,4.0
389,1202,4.0
389,427,4.0
389,22,5.0
389,648,5.0
389,23,4.0
389,703,5.0
389,571,4.0
389,27,4.0
389,30,5.0
389,1203,5.0
389,5011,4.0
389,463,5.0
389,704,5.0
389,248,5.0
389,615,5.0
389,1223,5.0
389,252,5.0
389,855,5.0
389,253,5.0
389,254,5.0
389,255,5.0
389,256,5.0
389,258,5.0
389,35,5.0
389,464,5.0
389,259,5.0
389,1162,5.0
389,453,4.0
389,900,5.0
389,901,5.0
389,679,5.0
389,2145,4.0
389,1226,5.0
389,47,5.0
389,49,4.0
389,50,5.0
389,51,4.0
389,1752,4.0
389,53,5.0
389,1205,5.0
389,2307,5.0
389,2308,5.0
389,55,5.0
389,653,5.0
389,5012,5.0
389,2111,5.0
389,3633,4.0
389,1051,5.0
389,2751,5.0
389,265,4.0
389,3891,4.0
389,2146,5.0
389,654,5.0
389,56,5.0
389,57,5.0
389,655,5.0
389,681,4.0
389,1163,5.0
389,59,5.0
389,60,5.0
389,61,4.0
389,62,4.0
389,63,4.0
389,268,5.0
389,64,5.0
389,682,4.0
389,65,4.0
389,269,5.0
389,683,5.0
389,658,4.0
389,1053,5.0
389,68,4.0
389,1580,4.0
389,708,5.0
389,709,4.0
389,659,4.0
389,1110,5.0
389,69,5.0
389,685,5.0
389,271,4.0
389,70,4.0
389,71,4.0
389,2673,5.0
389,3008,4.0
389,2753,5.0
389,74,5.0
389,75,4.0
389,2313,4.0
389,1352,4.0
389,3571,4.0
389,77,4.0
389,587,4.0
389,572,5.0
389,573,4.0
389,4302,5.0
389,467,4.0
389,84,4.0
389,598,5.0
389,617,5.0
389,1235,4.0
389,278,5.0
389,1586,5.0
389,1587,4.0
389,5013,4.0
389,3641,5.0
389,1111,5.0
389,584,4.0
389,284,4.0
389,1032,5.0
389,2149,4.0
389,715,4.0
389,285,4.0
389,1884,4.0
389,469,5.0
389,1112,4.0
389,286,4.0
389,106,5.0
389,906,5.0
389,3146,4.0
389,3880,5.0
389,688,5.0
389,2221,4.0
389,1597,4.0
389,4539,5.0
389,2206,5.0
389,1240,5.0
389,1241,4.0
389,2151,4.0
389,1280,4.0
389,128,4.0
389,873,4.0
389,136,5.0
389,139,5.0
389,140,4.0
389,297,4.0
389,144,4.0
389,298,5.0
389,1060,5.0
389,149,5.0
389,3654,5.0
389,5014,4.0
389,1297,4.0
389,151,4.0
389,1504,4.0
389,917,4.0
389,153,5.0
389,155,4.0
389,1886,5.0
389,158,4.0
389,879,4.0
389,160,4.0
389,161,4.0
389,163,4.0
389,165,5.0
389,168,5.0
389,666,4.0
389,1730,4.0
389,5015,4.0
389,5016,5.0
389,307,5.0
389,2153,5.0
389,921,4.0
389,308,5.0
389,3367,4.0
389,3903,4.0
389,2218,5.0
389,2586,5.0
389,1956,4.0
389,1266,4.0
389,178,4.0
389,2639,4.0
389,3907,5.0
389,1284,4.0
389,3464,5.0
389,668,5.0
389,191,4.0
389,3330,4.0
389,1122,4.0
389,317,4.0
389,624,5.0
389,319,5.0
389,605,4.0
389,1892,5.0
389,3683,4.0
389,670,5.0
389,5017,4.0
389,326,5.0
389,5018,5.0
389,4967,5.0
389,475,4.0
389,4326,5.0
389,3686,4.0
389,1965,4.0
389,5019,4.0
389,1039,5.0
389,1560,5.0
389,671,5.0
389,3698,4.0
389,479,5.0
389,480,4.0
389,941,5.0
389,2998,4.0
389,5020,4.0
389,3539,5.0
389,3878,4.0
389,5021,4.0
389,4331,4.0
389,5022,5.0
389,731,4.0
389,5023,4.0
389,4565,4.0
389,5024,5.0
389,5025,5.0
390,654,4.0
390,58,5.0
390,682,5.0
390,123,4.0
390,298,5.0
390,592,4.0
390,963,5.0
390,155,4.0
390,168,5.0
390,1405,4.0
391,6,4.0
391,647,5.0
391,20,5.0
391,463,5.0
391,50,5.0
391,58,5.0
391,655,5.0
391,59,5.0
391,75,5.0
391,467,5.0
391,617,4.0
391,1235,4.0
391,124,5.0
391,139,5.0
391,163,5.0
391,168,5.0
391,187,4.0
391,196,5.0
391,605,5.0
391,1301,5.0
391,933,4.0
391,670,5.0
391,1124,5.0
391,478,5.0
391,479,5.0
391,480,4.0
391,730,5.0
391,731,5.0
391,1041,5.0
391,484,5.0
391,487,5.0
391,488,5.0
391,489,5.0
391,201,5.0
391,492,5.0
391,1991,5.0
391,1043,5.0
391,496,5.0
391,747,5.0
391,497,4.0
391,502,5.0
391,1659,5.0
391,993,5.0
391,540,5.0
391,1143,5.0
391,3308,5.0
391,4504,4.0
391,760,4.0
391,761,5.0
391,764,5.0
391,676,5.0
391,508,5.0
391,1667,4.5
391,998,5.0
391,2061,5.0
391,769,5.0
391,775,5.0
391,204,5.0
391,777,5.0
391,1156,4.0
391,781,5.0
391,1177,5.0
391,698,5.0
391,1793,5.0
391,1080,5.0
391,790,5.0
391,795,4.0
391,208,5.0
391,801,5.0
391,803,5.0
391,551,5.0
391,556,5.0
391,811,5.0
391,2258,4.0
391,814,4.5
391,1812,5.0
391,3934,5.0
391,1816,5.0
391,820,5.0
391,823,5.0
391,1826,5.0
391,2476,5.0
391,5026,4.0
392,4,5.0
392,6,5.0
392,382,4.0
392,16,4.0
392,20,4.0
392,25,4.0
393,6,4.0
393,375,4.0
393,1288,4.0
393,1289,4.0
393,1448,5.0
393,405,4.0
393,18,4.0
393,242,4.0
393,21,4.0
393,1462,4.0
393,1463,4.0
393,24,4.0
393,434,4.0
393,462,5.0
394,0,5.0
394,4,4.0
394,647,5.0
394,402,4.5
394,650,4.0
394,445,4.0
394,855,4.5
394,653,4.0
394,664,5.0
394,124,4.5
394,471,4.0
394,477,4.0
394,737,4.5
395,4137,5.0
395,236,4.5
395,244,5.0
395,463,4.0
395,261,4.0
395,1205,4.5
395,658,5.0
395,1580,5.0
395,5027,4.0
395,1033,4.5
395,1037,4.0
395,1899,4.0
395,693,4.0
395,2177,4.5
395,1069,4.0
395,1922,4.0
395,762,4.0
396,354,5.0
396,252,5.0
396,255,5.0
396,257,5.0
396,900,5.0
396,45,4.5
396,55,5.0
396,57,5.0
396,58,4.5
396,656,5.0
396,73,4.0
396,118,5.0
396,1597,4.0
396,878,4.0
396,881,4.0
396,666,5.0
396,1398,4.0
396,889,4.0
396,671,5.0
396,482,5.0
396,673,5.0
396,5028,5.0
396,2780,4.0
396,695,4.5
396,744,4.0
396,5029,5.0
396,5030,5.0
396,5031,4.5
396,697,4.0
396,4069,5.0
396,203,4.0
396,3214,5.0
396,677,5.0
396,5032,4.5
396,545,5.0
396,549,5.0
396,700,4.0
397,0,4.0
397,13,5.0
397,339,5.0
397,16,5.0
397,22,4.0
397,28,4.5
397,56,5.0
397,58,5.0
397,61,5.0
397,71,5.0
397,75,4.5
397,688,5.0
397,139,5.0
397,299,4.5
397,471,4.0
397,187,5.0
397,475,5.0
397,477,4.0
397,479,4.5
397,484,5.0
397,487,5.0
397,737,5.0
397,492,4.0
397,1310,4.5
398,2,5.0
398,3,5.0
398,4,5.0
398,13,5.0
398,647,5.0
398,339,5.0
398,402,5.0
398,16,4.5
398,648,4.5
398,28,5.0
398,30,5.0
398,704,5.0
398,615,5.0
398,679,4.5
398,654,4.5
398,56,5.0
398,57,4.5
398,58,4.5
398,61,5.0
398,62,4.5
398,682,4.5
398,685,4.5
398,71,4.0
398,139,5.0
398,163,5.0
398,187,4.0
398,624,5.0
398,1124,4.5
398,479,4.0
398,492,4.0
398,761,5.0
398,763,4.0
398,1554,4.0
398,203,4.0
398,204,4.5
398,1683,4.5
398,208,5.0
398,641,4.5
398,642,4.0
398,1029,4.5
398,844,4.0
399,896,4.5
399,445,4.0
399,55,4.0
399,927,4.0
399,931,4.5
399,3579,4.5
399,2023,4.0
399,1551,5.0
399,531,4.0
399,501,4.0
399,755,4.0
399,1315,4.0
399,2736,4.0
399,774,4.5
399,677,4.0
399,1320,4.0
399,545,4.0
399,2093,4.5
399,1684,4.0
399,830,4.5
399,643,4.0
399,1028,4.0
400,360,5.0
400,367,4.0
400,369,4.0
400,460,5.0
400,4123,4.0
400,339,5.0
400,399,4.0
400,413,4.0
400,611,4.0
400,415,5.0
400,416,5.0
400,419,5.0
400,1342,4.0
400,20,4.0
400,21,4.0
400,427,5.0
400,22,4.0
400,1771,4.0
400,433,5.0
400,246,4.0
400,571,5.0
400,28,5.0
400,434,4.0
400,444,5.0
400,1704,5.0
400,679,5.0
400,262,5.0
401,3,5.0
401,6,5.0
401,701,4.0
401,339,5.0
401,50,4.0
401,62,4.5
401,272,4.0
401,75,4.5
401,124,4.5
401,130,4.5
401,136,4.5
401,1035,4.5
401,1614,4.0
401,178,4.0
401,744,4.5
401,1000,4.0
401,2132,4.5
402,347,4.0
402,350,4.0
402,333,4.0
402,361,4.0
402,6,4.0
402,370,4.0
402,1270,4.0
402,509,4.0
402,1448,4.0
402,402,4.0
402,15,4.0
402,16,4.0
402,512,4.0
402,415,4.0
402,420,4.0
402,20,4.0
402,21,4.0
402,427,4.0
402,613,4.0
402,22,4.0
402,614,4.0
402,246,4.0
402,26,4.0
402,28,4.0
403,349,4.0
403,607,4.0
403,354,4.5
403,1476,4.0
403,6,4.0
403,646,4.5
403,1448,4.0
403,610,5.0
403,647,4.0
403,339,4.5
403,414,4.0
403,3800,4.0
403,648,4.5
403,4529,4.5
403,463,4.5
403,49,4.5
403,262,4.0
403,50,4.0
403,465,4.0
403,655,4.0
403,59,4.5
403,62,4.5
403,63,4.0
403,65,4.5
403,1053,4.5
403,2569,4.0
403,659,4.0
403,2312,4.0
403,1057,4.0
403,84,4.0
403,86,4.0
403,1233,4.0
403,91,4.0
403,2325,4.5
403,286,4.5
403,111,4.0
403,139,4.5
403,154,4.0
403,163,4.0
403,175,4.5
403,3495,4.0
403,2762,4.0
403,2639,4.0
403,1121,4.5
403,4259,5.0
403,624,4.0
403,605,4.0
403,1892,4.5
403,670,4.5
403,324,4.0
403,1039,4.5
403,1124,4.0
403,1902,4.0
403,5033,4.0
403,740,4.0
403,4023,4.5
403,3813,4.0
403,5034,4.0
403,743,4.0
403,2784,4.5
403,3240,4.0
403,748,4.0
403,3592,4.0
403,1567,5.0
403,1173,4.5
403,5035,5.0
403,1925,4.0
403,3825,4.0
403,1857,4.0
403,1777,5.0
403,1143,4.0
403,2814,4.0
403,765,4.0
403,628,4.0
403,3839,5.0
403,1671,4.0
403,1317,4.5
403,2064,4.0
403,1044,4.5
403,5036,5.0
403,629,4.0
403,1177,4.0
403,2837,4.0
403,5037,4.5
403,794,4.0
403,208,4.5
404,4122,4.0
404,337,4.0
404,2006,5.0
404,595,5.0
404,5038,5.0
404,1781,4.0
404,2068,5.0
405,13,4.0
405,56,4.0
405,75,4.0
405,100,4.0
405,139,5.0
405,163,5.0
405,479,5.0
405,481,5.0
405,484,5.0
405,489,4.0
405,492,5.0
405,204,5.0
405,777,5.0
405,1683,4.0
405,640,5.0
406,955,4.5
406,13,4.0
406,402,4.5
406,1268,4.5
406,1463,4.5
406,1050,5.0
406,679,4.0
406,56,4.0
406,58,5.0
406,61,4.0
406,70,5.0
406,1165,5.0
406,73,4.5
406,75,5.0
406,80,4.0
406,200,4.0
406,959,4.0
406,122,4.0
406,872,4.5
406,5039,4.0
406,139,4.5
406,300,5.0
406,169,4.5
406,885,5.0
406,1411,5.0
406,187,4.5
406,190,4.0
406,972,4.5
406,1852,4.0
406,2265,4.0
406,479,5.0
406,4264,4.0
406,1073,5.0
406,731,4.5
406,484,5.0
406,1256,5.0
406,5040,4.0
406,490,4.0
406,491,4.0
406,492,5.0
406,5041,4.0
406,495,4.5
406,1772,4.5
406,497,4.5
406,990,4.0
406,540,5.0
406,754,5.0
406,4901,4.0
406,1779,5.0
406,760,5.0
406,1077,4.0
406,1663,5.0
406,676,4.0
406,628,5.0
406,508,5.0
406,1149,4.0
406,1078,4.0
406,2061,4.5
406,769,4.0
406,5042,4.5
406,1785,5.0
406,2663,4.0
406,204,5.0
406,1154,4.5
406,205,4.0
406,1677,4.0
406,1678,4.0
406,2073,4.0
406,2835,4.0
406,1177,4.0
406,5043,4.0
406,1794,4.0
406,790,5.0
406,2134,4.0
406,209,4.0
406,4154,4.0
406,2243,4.0
406,5044,4.0
406,1804,5.0
406,551,4.0
406,806,5.0
406,5045,4.0
406,811,4.0
406,3185,5.0
406,3275,5.0
406,635,5.0
406,2105,4.5
406,1812,4.0
406,4192,4.0
406,1813,4.0
406,638,4.0
406,639,5.0
406,1021,5.0
406,3194,4.0
406,1823,4.0
406,826,4.0
406,829,5.0
406,642,4.0
406,565,4.0
406,5046,4.5
406,2924,5.0
406,644,4.0
406,5047,4.0
406,645,4.0
407,585,4.0
407,646,5.0
407,513,4.0
407,12,5.0
407,13,4.0
407,339,5.0
407,402,4.0
407,1220,5.0
407,28,4.0
407,30,5.0
407,649,4.0
407,615,5.0
407,255,5.0
407,256,4.0
407,34,5.0
407,3773,5.0
407,48,4.0
407,261,5.0
407,5048,5.0
407,55,5.0
407,654,5.0
407,4217,5.0
407,57,5.0
407,62,5.0
407,268,4.0
407,682,5.0
407,269,5.0
407,683,5.0
407,658,5.0
407,684,5.0
407,1164,4.0
407,659,5.0
407,69,4.0
407,271,4.0
407,70,4.0
407,664,5.0
407,73,4.0
407,1583,5.0
407,1352,4.0
407,903,4.0
407,1276,4.0
407,1715,4.0
407,2318,4.0
407,1032,5.0
407,1494,5.0
407,287,5.0
407,2654,4.0
407,2206,5.0
407,1375,4.0
407,135,4.0
407,297,5.0
407,914,4.0
407,298,4.0
407,3416,4.0
407,963,4.0
407,1386,5.0
407,155,5.0
407,1886,4.0
407,3876,4.0
407,1103,5.0
407,4416,4.0
407,3154,4.0
407,885,4.0
407,3458,4.0
407,2679,4.0
407,1283,5.0
407,1170,5.0
407,4320,5.0
407,889,5.0
407,2118,4.0
407,1766,4.0
407,1888,5.0
407,2119,4.0
407,190,5.0
407,5049,5.0
407,3331,5.0
407,5050,4.0
407,1622,5.0
407,5051,4.0
407,1108,5.0
407,4836,5.0
407,972,4.0
407,472,4.0
407,199,4.0
408,1,4.0
408,2290,4.0
408,335,4.0
408,3438,4.0
408,338,5.0
408,402,5.0
408,241,4.0
408,408,4.0
408,512,4.0
408,5052,5.0
408,5053,4.0
408,423,4.0
408,22,4.0
408,5054,5.0
408,434,4.0
408,5055,5.0
408,463,5.0
408,5056,4.0
408,855,5.0
408,253,5.0
408,254,4.0
408,256,4.0
408,651,4.0
408,1708,4.0
408,1696,5.0
408,514,5.0
408,35,5.0
408,1709,5.0
408,1711,4.0
408,47,4.0
408,48,5.0
408,858,4.0
408,49,4.0
408,262,4.0
408,5057,4.0
408,1697,4.0
408,2307,5.0
408,2308,4.0
408,3985,4.0
408,2111,4.0
408,3633,4.0
408,266,5.0
408,59,4.0
408,656,4.0
408,2752,4.0
408,64,4.0
408,683,5.0
408,1578,5.0
408,1054,5.0
408,659,4.0
408,1274,4.0
408,1556,4.0
408,660,4.0
408,661,5.0
408,663,4.0
408,664,5.0
408,2311,5.0
408,2147,4.0
408,1363,5.0
408,3490,5.0
408,5058,4.0
408,2675,5.0
408,3643,4.0
408,1494,5.0
408,3867,5.0
408,4835,4.0
408,2007,4.0
408,2008,4.0
408,3880,4.0
408,288,5.0
408,4010,5.0
408,3148,5.0
408,289,5.0
408,3843,4.0
408,2654,5.0
408,517,5.0
408,1372,4.0
408,2206,4.0
408,1600,5.0
408,292,5.0
408,128,4.0
408,1504,4.0
408,3493,4.0
408,1393,5.0
408,165,4.0
408,168,4.0
408,1035,4.0
408,5016,4.0
408,1851,4.0
408,2153,4.0
408,3457,5.0
408,5059,4.0
408,3459,5.0
408,176,4.0
408,311,4.0
408,690,4.0
408,1735,4.0
408,1407,4.0
408,1283,4.0
408,183,4.0
408,2118,5.0
408,1766,5.0
408,1411,4.0
408,1890,4.0
408,5060,5.0
408,190,4.0
408,1559,5.0
408,5061,4.0
408,5062,5.0
408,2324,5.0
408,1036,4.0
408,3674,5.0
408,5063,5.0
408,1299,5.0
408,3861,5.0
408,1415,5.0
408,933,5.0
408,3678,4.0
408,1418,4.0
408,5064,5.0
408,3682,5.0
408,5065,4.0
408,4060,4.0
408,3378,4.0
408,5066,4.0
408,5018,4.0
408,1422,4.0
408,5067,4.0
408,1424,5.0
408,4955,4.0
408,4326,5.0
408,1767,5.0
409,0,5.0
409,344,4.0
409,347,4.0
409,332,4.0
409,1285,4.0
409,333,4.0
409,3,4.0
409,361,5.0
409,6,4.0
409,646,4.0
409,373,5.0
409,7,4.0
409,1270,4.0
409,509,4.0
409,1448,4.0
409,513,4.0
409,382,4.0
409,383,4.0
409,1201,5.0
409,1748,4.0
409,609,4.0
409,339,5.0
409,400,4.0
409,402,4.0
409,407,4.0
409,16,5.0
409,413,4.0
409,242,4.0
409,1294,4.0
409,611,4.0
409,416,4.0
409,1218,4.0
409,422,4.0
409,20,4.0
409,2719,4.0
409,21,5.0
409,427,4.0
409,428,5.0
409,22,5.0
409,849,4.0
409,25,5.0
409,1771,4.0
409,433,4.0
409,26,5.0
409,28,5.0
409,462,5.0
410,350,5.0
410,333,5.0
410,233,4.0
410,1265,4.0
410,20,4.0
410,28,4.0
410,30,4.0
410,615,5.0
410,250,5.0
410,855,4.0
410,253,5.0
410,254,5.0
410,255,4.0
410,651,5.0
410,464,5.0
410,259,4.0
410,857,5.0
410,3443,5.0
410,3771,5.0
410,1710,5.0
410,55,5.0
410,652,5.0
410,2111,4.0
410,57,5.0
410,655,4.0
410,63,4.0
410,268,4.0
410,682,5.0
410,658,4.0
410,684,5.0
410,1580,4.0
410,660,5.0
410,859,5.0
410,664,5.0
410,73,5.0
410,1056,5.0
410,274,4.0
410,2754,5.0
410,1583,5.0
410,1352,5.0
410,1229,4.0
410,467,5.0
410,84,5.0
410,277,5.0
410,581,4.0
410,1757,5.0
410,281,4.0
410,283,4.0
410,1033,4.0
410,1494,4.0
410,3146,5.0
410,288,4.0
410,3450,4.0
410,2654,4.0
410,873,5.0
410,2620,4.0
410,138,4.0
410,143,4.0
410,1297,5.0
410,2722,4.0
410,1724,5.0
410,878,4.0
410,1725,5.0
410,5068,4.0
410,155,5.0
410,1389,4.0
410,1391,4.0
410,1393,4.0
410,879,4.0
410,1728,5.0
411,349,5.0
411,339,5.0
411,402,5.0
411,20,5.0
411,22,5.0
411,28,5.0
411,443,5.0
411,615,5.0
411,656,5.0
411,62,4.5
411,682,4.5
411,200,5.0
411,2003,5.0
411,3491,5.0
411,100,5.0
411,124,5.0
411,125,5.0
411,136,5.0
411,592,5.0
411,163,5.0
411,174,5.0
411,314,4.0
411,600,5.0
411,601,5.0
411,473,5.0
411,1299,4.5
411,1301,4.5
411,324,5.0
411,725,5.0
411,1513,5.0
411,2019,5.0
411,479,5.0
411,980,5.0
411,1305,5.0
411,1254,5.0
411,1308,5.0
411,747,5.0
411,1076,5.0
411,1078,5.0
411,2233,5.0
411,769,4.5
411,1079,5.0
411,206,5.0
411,1680,5.0
411,1682,5.0
411,2866,5.0
411,812,4.5
412,0,4.0
412,1,4.0
412,347,5.0
412,350,4.0
412,332,4.0
412,354,5.0
412,333,5.0
412,585,4.0
412,3,4.0
412,4,5.0
412,361,4.0
412,3849,4.0
412,1212,5.0
412,5,4.0
412,368,4.0
412,6,5.0
412,646,5.0
412,232,4.0
412,370,4.0
412,1335,4.0
412,2294,4.0
412,373,4.0
412,7,5.0
412,8,4.0
412,233,4.0
412,9,4.0
412,3006,4.0
412,234,4.0
412,701,4.0
412,3337,4.0
412,5069,4.0
412,235,4.0
412,381,4.0
412,513,5.0
412,1200,4.0
412,2686,4.0
412,12,4.0
412,3887,4.0
412,336,4.0
412,1691,4.0
412,13,5.0
412,337,4.0
412,390,4.0
412,608,5.0
412,3338,4.0
412,1748,4.0
412,338,5.0
412,647,5.0
412,339,5.0
412,1265,4.0
412,1214,4.0
412,402,5.0
412,238,4.0
412,4842,5.0
412,404,4.0
412,239,4.0
412,240,4.0
412,241,4.0
412,409,5.0
412,16,5.0
412,512,4.0
412,413,4.0
412,18,4.0
412,242,4.0
412,3628,4.0
412,4295,4.0
412,415,4.0
412,416,4.0
412,2300,4.0
412,3439,5.0
412,1216,4.0
412,702,5.0
412,19,4.0
412,20,5.0
412,2719,5.0
412,340,4.0
412,243,5.0
412,21,4.0
412,3629,4.0
412,3626,4.0
412,426,4.0
412,1703,4.0
412,1470,4.0
412,1202,5.0
412,2301,5.0
412,22,4.0
412,570,4.0
412,2670,4.0
412,245,4.0
412,648,5.0
412,23,4.0
412,849,4.0
412,25,4.0
412,703,5.0
412,1220,4.0
412,5070,4.0
412,246,4.0
412,571,5.0
412,26,4.0
412,27,4.0
412,28,4.0
412,342,4.0
412,29,4.0
412,3353,5.0
412,30,5.0
412,1271,4.0
412,436,4.0
412,1877,4.0
412,462,4.0
412,31,4.0
412,1269,4.0
412,440,4.0
412,247,4.0
412,851,5.0
412,2553,4.0
412,1050,5.0
412,650,5.0
412,463,5.0
412,704,5.0
412,444,4.0
412,1936,4.0
412,450,4.0
412,451,4.0
412,615,5.0
412,1223,5.0
412,251,5.0
412,2304,4.0
412,252,4.0
412,855,5.0
412,253,5.0
412,254,4.0
412,2748,4.0
412,255,5.0
412,256,5.0
412,651,4.0
412,1708,4.0
412,1696,5.0
412,34,4.0
412,35,5.0
412,464,5.0
412,857,4.0
412,1710,4.0
412,1162,5.0
412,3773,4.0
412,1092,4.0
412,4516,4.0
412,453,4.0
412,1224,4.0
412,897,4.0
412,899,4.0
412,39,4.0
412,40,4.0
412,41,4.0
412,1272,4.0
412,900,4.0
412,42,4.0
412,44,4.0
412,901,5.0
412,679,5.0
412,4385,4.0
412,1226,4.0
412,47,5.0
412,48,4.0
412,858,5.0
412,49,5.0
412,50,5.0
412,51,5.0
412,52,4.0
412,515,4.0
412,53,4.0
412,465,5.0
412,264,5.0
412,1205,4.0
412,1474,4.0
412,5071,4.0
412,2568,4.0
412,55,5.0
412,653,5.0
412,2111,4.0
412,2751,4.0
412,266,4.0
412,654,4.0
412,56,5.0
412,57,5.0
412,58,5.0
412,655,5.0
412,616,5.0
412,681,5.0
412,1163,5.0
412,59,5.0
412,656,5.0
412,60,5.0
412,61,5.0
412,62,5.0
412,63,5.0
412,1273,4.0
412,1879,5.0
412,2216,4.0
412,64,5.0
412,682,5.0
412,65,5.0
412,657,5.0
412,66,4.0
412,269,5.0
412,683,4.0
412,1351,5.0
412,1053,5.0
412,684,5.0
412,1578,4.0
412,68,5.0
412,1164,4.0
412,1579,5.0
412,709,4.0
412,659,5.0
412,1110,5.0
412,270,5.0
412,660,5.0
412,1581,5.0
412,271,5.0
412,662,4.0
412,1096,5.0
412,686,4.0
412,70,4.0
412,272,5.0
412,663,4.0
412,3979,4.0
412,71,5.0
412,1165,4.0
412,1055,4.0
412,72,4.0
412,664,5.0
412,2673,5.0
412,73,4.0
412,74,5.0
412,860,5.0
412,2674,5.0
412,75,4.0
412,861,5.0
412,76,4.0
412,665,5.0
412,1190,4.0
412,1166,4.0
412,1583,5.0
412,1352,4.0
412,3140,4.0
412,1880,4.0
412,587,4.0
412,572,4.0
412,1483,4.0
412,712,4.0
412,2626,4.0
412,1354,4.0
412,1275,4.0
412,1194,4.0
412,1206,4.0
412,1276,5.0
412,1071,4.0
412,687,4.0
412,1485,4.0
412,573,5.0
412,1487,4.0
412,1357,4.0
412,5072,4.0
412,5073,4.0
412,79,5.0
412,80,5.0
412,864,5.0
412,1230,4.0
412,1488,4.0
412,958,4.0
412,83,5.0
412,3359,5.0
412,4302,4.0
412,467,5.0
412,84,5.0
412,86,4.0
412,2147,4.0
412,598,4.0
412,277,4.0
412,617,4.0
412,5074,4.0
412,1363,5.0
412,1233,4.0
412,516,4.0
412,1490,4.0
412,1235,4.0
412,5075,4.0
412,200,5.0
412,1058,5.0
412,3167,4.0
412,278,4.0
412,580,4.0
412,87,5.0
412,3866,4.0
412,1718,4.0
412,1586,4.0
412,88,4.0
412,581,5.0
412,3640,4.0
412,2004,4.0
412,91,4.0
412,3992,4.0
412,3447,4.5
412,582,4.0
412,1587,4.0
412,2325,4.0
412,1237,4.0
412,282,4.0
412,528,4.0
412,283,4.0
412,468,4.0
412,1111,4.0
412,584,5.0
412,1758,4.0
412,1168,4.0
412,284,4.0
412,3361,4.0
412,1032,4.0
412,94,4.0
412,715,4.0
412,1850,4.0
412,3448,4.0
412,95,4.0
412,285,5.0
412,1277,4.0
412,1589,4.0
412,1884,4.0
412,97,5.0
412,2150,4.0
412,99,4.0
412,469,5.0
412,1759,5.0
412,1112,5.0
412,3865,4.0
412,100,5.0
412,101,4.0
412,4254,4.0
412,1720,4.0
412,286,4.0
412,3364,4.0
412,106,4.0
412,906,4.0
412,869,4.0
412,907,4.0
412,908,4.0
412,909,5.0
412,910,4.0
412,107,4.0
412,109,4.0
412,1368,4.0
412,5076,5.0
412,112,4.0
412,113,4.0
412,2007,4.0
412,4057,5.0
412,114,4.0
412,2578,4.0
412,115,4.0
412,870,5.0
412,116,4.0
412,117,4.0
412,2008,5.0
412,3880,4.0
412,1369,4.0
412,118,4.0
412,119,4.0
412,120,5.0
412,688,4.0
412,5077,4.0
412,1597,5.0
412,1943,5.0
412,121,4.0
412,4539,4.0
412,1113,4.0
412,2654,4.0
412,123,4.0
412,2655,4.0
412,517,4.0
412,1372,5.0
412,1885,4.0
412,2206,4.0
412,1600,5.0
412,3168,4.0
412,124,5.0
412,1374,4.0
412,5078,4.0
412,125,4.0
412,912,4.0
412,872,4.0
412,128,5.0
412,873,5.0
412,2620,4.0
412,1945,5.0
412,1723,4.0
412,129,4.0
412,1101,4.0
412,717,4.0
412,3894,4.0
412,5039,4.0
412,718,4.0
412,4701,4.0
412,130,4.0
412,1247,4.0
412,3014,4.0
412,1605,4.0
412,3895,5.0
412,133,4.0
412,5079,4.0
412,3648,4.0
412,2106,5.0
412,1500,4.0
412,136,4.0
412,138,5.0
412,139,5.0
412,590,4.0
412,140,5.0
412,297,4.0
412,2688,4.0
412,143,4.0
412,914,4.0
412,470,4.0
412,298,4.0
412,1060,4.0
412,149,5.0
412,150,4.0
412,963,5.0
412,1297,4.0
412,151,5.0
412,3015,4.0
412,1061,4.0
412,3656,4.0
412,4415,4.0
412,3897,4.0
412,917,4.0
412,5080,4.0
412,152,4.0
412,3493,4.0
412,300,4.0
412,153,4.0
412,918,4.0
412,3785,4.0
412,1611,5.0
412,155,5.0
412,156,5.0
412,5081,4.0
412,5082,4.0
412,5083,4.0
412,1391,5.0
412,1886,4.0
412,1281,4.0
412,1393,4.0
412,158,4.0
412,879,5.0
412,303,4.0
412,1727,4.0
412,5084,4.0
412,3341,4.0
412,159,5.0
412,719,4.0
412,163,5.0
412,881,4.0
412,164,4.0
412,165,4.0
412,168,5.0
412,666,5.0
412,1035,4.0
412,5085,4.0
412,1282,4.0
412,1729,4.0
412,169,4.0
412,170,5.0
412,1103,4.0
412,689,4.0
412,4416,4.0
412,172,4.0
412,306,4.0
412,1733,4.0
412,884,4.0
412,2638,4.0
412,3662,4.0
412,720,5.0
412,2697,4.0
412,1394,4.0
412,1116,4.0
412,1952,4.0
412,1104,5.0
412,1614,4.0
412,5086,4.0
412,471,5.0
412,3663,4.0
412,1396,4.0
412,5087,4.0
412,174,4.0
412,1616,4.0
412,2329,4.0
412,308,5.0
412,175,4.0
412,5088,4.0
412,885,4.0
412,3367,4.0
412,4230,4.0
412,3368,4.0
412,1953,4.0
412,1399,4.0
412,1400,5.0
412,311,4.0
412,1403,4.0
412,2680,4.0
412,2586,4.0
412,1956,5.0
412,721,5.0
412,3156,5.0
412,1405,4.0
412,599,4.0
412,1406,4.0
412,5089,4.0
412,312,4.0
412,1119,4.0
412,1266,4.0
412,2117,4.0
412,1120,5.0
412,1407,4.0
412,1283,4.0
412,1170,5.0
412,313,4.0
412,5090,4.0
412,4419,5.0
412,888,4.0
412,922,4.0
412,2639,4.0
412,889,5.0
412,1769,4.0
412,181,4.0
412,182,4.0
412,183,4.0
412,890,4.0
412,184,4.0
412,5091,4.0
412,1284,5.0
412,185,4.0
412,621,4.0
412,1766,4.0
412,3908,5.0
412,1742,5.0
412,315,5.0
412,622,4.0
412,2682,4.0
412,1888,4.0
412,186,4.0
412,1121,4.0
412,1510,4.0
412,2119,4.0
412,1411,4.0
412,1889,4.0
412,5092,4.0
412,187,5.0
412,5093,4.0
412,5094,5.0
412,188,4.0
412,968,4.0
412,1107,4.0
412,190,4.0
412,2013,4.0
412,1958,4.0
412,1959,4.0
412,191,4.0
412,192,4.0
412,5095,4.0
412,2156,4.0
412,194,5.0
412,892,4.0
412,927,5.0
412,1122,4.0
412,4828,4.0
412,5096,4.0
412,2015,4.0
412,196,4.0
412,5061,4.0
412,1108,5.0
412,929,4.0
412,5097,4.0
412,5098,4.0
412,2016,4.0
412,317,5.0
412,5099,4.0
412,2324,4.0
412,3673,4.0
412,473,4.0
412,624,4.0
412,3675,4.0
412,5100,5.0
412,5101,4.0
412,318,4.0
412,1626,4.0
412,1250,4.0
412,3861,5.0
412,5102,4.0
412,1627,4.0
412,319,5.0
412,3373,4.0
412,1415,5.0
412,724,4.0
412,1416,4.0
412,605,5.0
412,930,4.0
412,931,4.0
412,1037,4.0
412,932,4.0
412,1301,5.0
412,933,5.0
412,934,5.0
412,321,4.0
412,322,4.0
412,3862,4.0
412,1420,4.0
412,2157,5.0
412,4532,5.0
412,1891,5.0
412,1892,4.0
412,5103,4.0
412,4223,4.5
412,5104,4.0
412,5065,4.0
412,4061,4.0
412,1123,4.0
412,670,5.0
412,3791,4.0
412,1063,4.0
412,324,4.0
412,325,4.0
412,5105,4.0
412,725,4.0
412,5106,4.0
412,1422,4.0
412,2593,4.0
412,475,4.0
412,1514,5.0
412,937,4.0
412,5107,4.0
412,1424,4.0
412,1425,4.0
412,726,4.0
412,4112,4.0
412,4955,4.0
412,4326,4.0
412,1852,4.0
412,1427,4.0
412,1428,4.0
412,3686,4.0
412,476,4.0
412,2994,4.0
412,2642,4.0
412,1893,5.0
412,3175,4.0
412,1252,4.0
412,2108,4.0
412,3503,4.0
412,5108,4.0
412,3334,4.0
412,5109,4.0
412,5110,4.0
412,5111,4.0
412,1965,5.0
412,2159,4.0
412,3335,4.0
412,692,4.0
412,5112,4.0
412,5113,4.0
412,5114,5.0
412,1438,4.0
412,3209,5.0
412,3691,4.0
412,1253,4.0
412,5115,4.0
412,1439,4.0
412,3692,4.0
412,5116,4.0
412,978,5.0
412,5117,4.0
412,328,4.0
412,5118,4.0
412,1894,4.0
412,1302,4.0
412,5119,4.0
412,1039,4.0
412,1634,5.0
412,2699,5.0
412,1124,5.0
412,2110,4.0
412,2700,5.0
412,477,4.0
412,3696,4.0
412,5120,4.0
412,2019,4.0
412,3017,4.0
412,330,4.0
412,1040,4.0
412,3537,4.0
412,2643,4.0
412,478,4.0
412,5121,4.0
412,331,4.0
412,671,5.0
412,2281,5.0
412,939,5.0
412,479,5.0
412,3538,4.0
412,480,4.0
412,4878,4.0
412,1125,5.0
412,941,4.0
412,943,4.0
412,3699,4.0
412,1972,4.0
412,1896,5.0
412,3794,4.0
412,199,4.0
412,1073,4.0
412,3406,4.0
412,5122,4.0
412,5123,4.0
412,2645,4.0
412,5124,4.0
412,5125,4.0
412,4712,5.0
412,2998,4.0
412,5126,5.0
412,3512,4.0
412,1520,4.0
412,5127,4.0
412,2020,4.0
412,3539,4.0
412,1897,4.0
412,5128,4.0
412,5129,4.0
412,4435,4.0
412,1898,5.0
412,3389,4.0
412,5130,4.0
412,1899,4.0
412,3878,5.0
412,5131,4.0
412,2999,4.0
412,5132,4.0
412,5021,4.0
412,5133,5.0
412,730,5.0
412,1303,5.0
412,947,4.0
412,3706,4.0
412,2683,4.0
412,3001,4.0
412,3540,4.0
412,5134,5.0
412,731,4.0
412,2022,4.0
412,3707,4.0
412,5135,4.0
412,3709,4.0
412,2023,4.0
412,481,5.0
412,5136,4.0
412,4161,4.0
412,732,4.0
412,4535,4.0
412,2600,4.0
412,5137,5.0
412,1522,4.0
412,1637,4.0
412,5138,4.0
412,3391,4.0
412,1638,4.0
412,3466,5.0
412,5139,4.0
412,1900,5.0
412,482,5.0
412,5140,4.0
412,2601,5.0
412,4787,5.0
412,1041,4.0
412,1074,5.0
412,734,4.0
412,5141,4.0
412,950,4.0
412,4973,4.0
412,1902,4.0
412,5142,4.5
412,5143,4.0
412,5144,4.0
412,4129,4.0
412,3003,4.0
412,5145,4.0
412,524,5.0
412,1552,4.0
412,3004,4.0
412,484,5.0
412,1903,4.0
412,525,4.0
412,5146,4.0
412,673,5.0
412,485,4.0
412,486,5.0
412,5147,4.0
412,5148,4.0
412,735,4.5
412,693,4.0
412,5149,4.0
412,4234,4.0
412,3312,4.5
412,5150,5.0
412,1904,4.0
412,5151,4.0
412,5152,4.0
412,1906,5.0
412,5153,4.0
412,5154,4.0
412,2603,4.0
412,5155,4.0
412,3470,4.0
412,2170,4.0
412,4017,4.0
412,5156,4.0
412,1909,4.0
412,487,4.0
412,5157,4.0
412,3720,4.0
412,5158,4.0
412,488,4.0
412,2728,4.0
412,4235,5.0
412,737,4.5
412,1254,4.0
412,1910,4.0
412,5159,5.0
412,1171,4.0
412,5160,4.0
412,4018,4.0
412,489,4.5
412,2701,4.0
412,5161,4.0
412,3726,4.5
412,1978,4.0
412,5162,4.0
412,4236,4.0
412,5163,4.0
412,1042,4.5
412,4979,4.0
412,4372,4.0
412,2279,4.0
412,1065,4.5
412,739,4.0
412,740,4.0
412,5164,4.0
412,2607,4.0
412,1981,4.0
412,1129,4.5
412,741,4.0
412,1642,4.0
412,201,4.0
412,3731,4.0
412,5165,4.5
412,982,4.0
412,531,4.5
412,1983,4.0
412,3414,4.0
412,5166,4.0
412,5167,4.0
412,2731,5.0
412,1259,4.0
412,1913,4.0
412,491,4.5
412,742,4.5
412,5168,4.0
412,492,4.0
412,1172,4.0
412,1914,4.0
412,5169,4.0
412,5170,4.0
412,743,4.0
412,3239,4.0
412,3476,4.0
412,2180,4.0
412,2031,4.0
412,744,4.5
412,5171,4.0
412,5172,4.5
412,2784,4.0
412,1043,4.0
412,1260,4.0
412,536,4.0
412,696,4.0
412,5173,4.0
412,1855,4.0
412,5174,4.5
412,986,4.0
412,5175,4.0
412,1070,4.0
412,1646,4.0
412,495,4.0
412,988,4.0
412,1920,4.0
412,496,4.5
412,2789,4.0
412,1922,4.0
412,1647,5.0
412,497,4.0
412,2033,4.0
412,1648,4.0
412,4208,4.0
412,4007,4.0
412,1773,4.0
412,5176,4.0
412,4344,4.0
412,499,4.0
412,748,4.5
412,5177,4.0
412,749,4.0
412,501,4.0
412,2036,4.0
412,1309,4.0
412,5178,4.0
412,4381,4.0
412,674,4.0
412,1774,4.0
412,1775,4.0
412,675,4.5
412,1263,4.0
412,1701,4.0
412,3826,4.0
412,3828,4.0
412,1857,4.0
412,1140,4.5
412,1141,4.5
412,1928,4.0
412,4375,4.0
412,5179,4.0
412,5180,4.0
412,2353,4.0
412,1777,4.0
412,1310,4.0
412,626,4.0
412,1142,4.0
412,4345,4.0
412,993,4.0
412,540,4.5
412,1931,4.0
412,2040,4.0
412,5181,4.0
412,5182,4.0
412,1076,4.0
412,3308,4.0
412,5183,4.5
412,3427,4.0
412,4164,4.0
412,3835,4.0
412,4442,4.0
412,756,4.0
412,759,4.0
412,4791,4.0
412,5184,4.0
412,2189,4.0
412,3836,4.0
412,3176,4.0
412,1661,4.0
412,5185,4.0
412,596,4.0
412,541,4.0
412,5186,4.0
412,1779,4.0
412,1780,4.0
412,2190,4.0
412,760,4.0
412,1146,4.5
412,761,4.0
412,763,4.0
412,3879,4.0
412,3246,4.0
412,2048,4.0
412,3596,4.5
412,2050,4.0
412,1313,4.5
412,1314,4.0
412,3999,4.0
412,1077,4.0
412,1535,4.0
412,2192,4.0
412,5187,4.0
412,2051,4.0
412,3210,4.0
412,627,4.0
412,676,4.0
412,203,4.5
412,1664,4.0
412,1175,4.0
412,628,4.5
412,507,4.0
412,508,4.0
412,1149,4.0
412,1665,4.0
412,5188,4.0
412,4359,4.0
412,4166,4.0
412,1315,4.0
412,1528,4.0
412,4289,4.0
412,1078,4.0
412,768,4.0
412,5189,4.0
412,5190,4.0
412,1654,4.0
412,1150,4.0
412,5191,4.0
412,1316,4.0
412,769,4.0
412,1671,4.0
412,2062,4.0
412,1674,4.0
412,5192,4.0
412,5193,4.0
412,770,4.0
412,3212,4.0
412,771,4.0
412,772,4.0
412,773,4.0
412,1044,4.5
412,1656,4.0
412,774,4.0
412,5194,4.0
412,775,4.5
412,3603,4.0
412,204,4.0
412,4796,4.5
412,777,4.0
412,778,4.0
412,2665,4.0
412,677,4.5
412,1788,4.0
412,1677,4.0
412,3605,4.0
412,4085,4.5
412,1678,4.0
412,1159,4.0
412,1679,4.0
412,2073,4.0
412,3607,4.0
412,629,4.0
412,1176,4.0
412,2074,4.0
412,3252,4.0
412,5195,4.0
412,781,4.0
412,782,4.5
412,1791,4.0
412,1862,4.0
412,206,4.0
412,784,4.0
412,1177,4.5
412,698,4.0
412,545,4.0
412,1680,4.0
412,1681,4.5
412,630,4.0
412,2321,4.5
412,1080,4.5
412,5196,4.5
412,2086,4.0
412,4090,4.5
412,2133,4.0
412,1682,5.0
412,4619,4.0
412,1081,4.5
412,2707,4.0
412,4716,4.0
412,3611,4.0
412,789,4.0
412,790,4.0
412,1683,4.5
412,794,4.0
412,1863,4.5
412,678,5.0
412,5197,4.5
412,208,5.0
412,2134,4.0
412,796,5.0
412,5198,4.0
412,699,4.0
412,2091,4.0
412,4153,4.0
412,2093,4.0
412,2136,4.0
412,549,4.0
412,1540,4.5
412,700,4.5
412,4154,4.0
412,632,4.0
412,2409,4.0
412,633,4.0
412,1800,4.0
412,4637,4.0
412,2849,4.0
412,2412,4.0
412,2245,4.0
412,1082,4.0
412,3956,4.0
412,5199,4.0
412,1178,4.5
412,3261,5.0
412,550,4.0
412,2100,4.0
412,2246,4.0
412,1804,4.5
412,803,4.0
412,5200,4.0
412,1805,4.0
412,1868,5.0
412,2120,4.0
412,551,4.5
412,1806,4.0
412,3263,4.0
412,2251,4.5
412,2857,4.5
412,3218,4.0
412,5201,4.0
412,4181,4.0
412,4182,4.0
412,556,4.0
412,808,4.5
412,1807,4.5
412,2715,4.0
412,3219,4.0
412,1182,4.0
412,2866,4.0
412,3220,4.0
412,1326,4.0
412,1543,4.0
412,1179,4.0
412,812,4.5
412,5202,4.0
412,1810,4.0
412,559,4.0
412,636,5.0
412,637,4.0
412,5203,4.5
412,213,4.0
412,4192,4.0
412,1328,5.0
412,2880,4.0
412,1814,4.0
412,1184,5.0
412,819,4.0
412,638,4.5
412,5204,4.0
412,639,4.0
412,2891,4.0
412,214,4.0
412,640,4.0
412,3282,4.0
412,823,4.0
412,5205,4.5
412,1822,4.0
412,1823,4.0
412,825,4.5
412,5206,4.5
412,826,4.0
412,828,4.0
412,215,5.0
412,1186,4.0
412,3742,4.0
412,1085,4.0
412,830,4.0
412,1828,4.5
412,4752,5.0
412,5207,4.0
412,1333,4.0
412,4721,4.5
412,642,5.0
412,643,4.5
412,4200,4.0
412,1334,5.0
412,5208,4.5
412,3430,4.5
412,1547,4.0
412,5209,4.5
412,834,5.0
412,3961,4.5
412,1027,4.0
412,836,5.0
412,837,4.0
412,1028,4.0
412,3299,4.5
412,5210,4.0
412,3098,4.0
412,841,4.0
412,5211,4.0
412,842,5.0
412,3963,4.5
412,2955,4.0
412,1029,4.0
412,4754,4.5
412,5212,4.5
412,645,4.0
412,5213,4.0
412,843,4.0
412,3484,4.0
412,5214,4.0
412,844,4.0
412,3120,5.0
412,5215,4.0
412,2961,5.0
412,1839,5.0
412,5216,4.0
412,4690,4.5
412,5217,4.0
412,5218,4.0
412,3756,5.0
412,4204,4.0
412,1086,5.0
412,5219,4.0
412,4756,4.0
412,846,4.5
412,5220,4.5
412,5221,4.0
412,3919,4.0
412,3953,4.5
412,3954,4.0
412,5222,4.0
412,3761,4.0
413,3,4.0
413,4,4.5
413,646,4.5
413,370,4.0
413,373,4.0
413,3006,4.0
413,513,4.0
413,13,4.0
413,339,5.0
413,402,5.0
413,16,5.0
413,21,4.0
413,246,4.0
413,28,5.0
413,30,4.5
413,463,5.0
413,615,5.0
413,855,4.0
413,253,4.5
413,254,5.0
413,2748,4.5
413,514,4.5
413,1751,4.5
413,259,4.0
413,3570,4.5
413,1094,4.0
413,654,5.0
413,57,4.5
413,58,4.0
413,681,5.0
413,267,4.5
413,62,5.0
413,682,5.0
413,684,5.0
413,660,4.5
413,685,4.0
413,664,4.5
413,3638,4.0
413,289,4.0
413,123,4.0
413,124,4.0
413,1242,4.0
413,139,4.5
413,299,4.0
413,3152,4.5
413,163,5.0
413,168,4.0
413,174,4.5
413,1616,4.0
413,1283,4.0
413,2118,4.5
413,1742,4.0
413,1559,4.0
413,933,4.0
413,670,4.5
413,1965,4.5
413,672,4.5
413,693,4.5
413,1911,4.5
413,1172,4.5
413,744,5.0
413,1777,4.0
413,1146,4.0
413,203,4.5
413,204,4.0
413,1159,4.5
413,208,4.0
413,211,4.5
413,1870,4.5
413,812,4.5
414,336,4.0
414,339,4.0
414,1293,4.5
414,613,4.5
414,30,4.5
414,463,4.5
414,655,4.0
414,59,4.0
414,268,4.0
414,163,4.0
414,168,5.0
414,2765,4.0
414,1039,4.0
414,331,4.0
414,671,4.0
414,939,5.0
414,2999,4.0
414,1900,4.5
414,524,4.0
414,5223,5.0
414,2180,4.5
414,5035,5.0
414,1077,5.0
415,3,5.0
415,610,4.0
415,339,5.0
415,402,5.0
415,16,4.0
415,28,4.0
415,704,5.0
415,615,5.0
415,654,4.5
415,59,5.0
415,682,5.0
415,685,5.0
415,86,4.5
415,1235,5.0
415,200,5.0
415,87,4.5
415,124,5.0
415,139,5.0
415,1297,5.0
415,299,4.5
415,155,4.0
415,163,5.0
415,187,5.0
415,624,4.5
415,670,5.0
415,475,5.0
415,1124,5.0
415,329,5.0
415,2281,5.0
415,479,5.0
415,480,5.0
415,484,5.0
415,693,5.0
415,201,5.0
415,492,5.0
415,743,5.0
415,675,5.0
415,1554,5.0
415,676,4.0
415,1149,4.0
415,1317,5.0
415,204,4.0
415,206,5.0
415,207,5.0
415,208,4.5
415,1796,5.0
415,549,4.0
415,632,5.0
415,552,5.0
415,1812,4.5
415,213,5.0
415,2880,4.5
415,214,4.0
415,825,5.0
415,1186,4.0
416,4,4.5
416,646,4.5
416,339,4.5
416,402,5.0
416,16,4.0
416,22,4.5
416,28,4.0
416,704,5.0
416,679,4.0
416,49,5.0
416,55,5.0
416,59,4.5
416,656,5.0
416,268,4.5
416,64,5.0
416,65,4.0
416,709,5.0
416,659,4.5
416,71,4.5
416,664,5.0
416,1483,4.0
416,1235,4.0
416,200,5.0
416,97,4.0
416,879,4.5
416,163,5.0
416,174,4.5
416,692,4.0
416,1124,5.0
416,479,5.0
416,483,4.5
416,484,5.0
416,1042,5.0
416,740,5.0
416,492,5.0
416,743,4.5
416,744,5.0
416,987,5.0
416,1313,4.5
416,1159,4.0
416,207,4.0
416,208,4.0
416,699,4.5
416,549,4.5
416,1008,4.5
416,3261,4.5
416,5224,4.5
416,805,4.0
416,1182,4.5
416,811,4.0
416,2873,5.0
416,815,4.0
416,559,4.5
416,817,4.0
416,5203,4.5
416,640,4.0
416,826,4.5
416,827,4.5
416,4752,4.5
416,4675,4.0
416,3430,4.5
416,3962,4.0
417,3,4.0
417,4,4.0
417,368,4.0
417,6,4.0
417,646,4.0
417,3006,4.0
417,396,4.5
417,339,5.0
417,402,5.0
417,238,5.0
417,16,4.5
417,415,4.0
417,1703,4.0
417,22,5.0
417,704,5.0
417,444,4.5
417,615,5.0
417,679,4.5
417,50,5.0
417,51,4.0
417,59,4.5
417,62,4.0
417,682,4.0
417,65,4.5
417,1096,4.0
417,1584,4.0
417,1485,4.0
417,1098,4.0
417,468,5.0
417,100,5.0
417,124,4.5
417,136,4.0
417,138,4.0
417,139,4.0
417,150,5.0
417,963,4.5
417,1503,4.0
417,4073,4.5
417,299,4.0
417,155,4.0
417,163,5.0
417,174,4.5
417,1298,4.5
417,1121,4.5
417,187,4.0
417,601,4.5
417,928,4.0
417,1301,4.5
417,725,4.5
417,937,4.5
417,1302,4.0
417,1124,4.5
417,1518,4.0
417,1125,4.0
417,1898,4.5
417,1523,4.0
417,1041,4.5
417,488,4.0
417,2780,5.0
417,2029,4.5
417,536,4.5
417,2226,4.5
417,1646,5.0
417,1920,4.0
417,1772,4.0
417,989,4.5
417,5225,5.0
417,4896,4.5
417,2207,4.5
417,540,5.0
417,503,4.5
417,3835,4.0
417,2190,4.5
417,1077,4.5
417,628,5.0
417,5226,4.0
417,773,4.0
417,1676,4.0
417,205,4.5
417,779,5.0
417,629,4.0
417,1862,5.0
417,5227,5.0
417,4616,5.0
417,2086,4.5
417,5228,4.5
417,3918,4.0
417,4456,4.0
417,5229,4.5
417,5230,5.0
417,5231,5.0
417,5232,4.0
417,5233,5.0
417,5234,4.0
417,5235,5.0
417,811,5.0
417,1179,5.0
418,0,4.0
418,3172,4.0
418,339,4.0
418,402,4.5
418,16,4.0
418,413,4.5
418,22,4.5
418,246,4.0
418,463,4.0
418,251,5.0
418,255,5.0
418,464,4.0
418,49,4.5
418,2307,4.0
418,2308,4.0
418,55,5.0
418,1051,4.0
418,654,4.0
418,267,4.0
418,59,4.0
418,2753,4.0
418,2563,4.0
418,80,4.5
418,580,4.0
418,289,4.0
418,3646,4.0
418,124,4.0
418,139,4.5
418,914,5.0
418,298,4.5
418,299,4.0
418,3785,4.0
418,155,4.0
418,163,4.0
418,720,4.5
418,174,4.5
418,921,4.0
418,2155,4.0
418,2326,4.0
418,4395,4.0
418,196,4.0
418,1623,4.0
418,475,4.0
418,1514,4.5
418,1302,4.0
418,1124,4.0
418,479,4.5
418,733,4.5
418,1041,4.0
418,524,4.0
418,484,4.5
418,1853,4.0
418,489,4.0
418,740,4.5
418,741,4.0
418,201,4.0
418,1982,4.0
418,742,4.0
418,492,4.5
418,1172,4.0
418,744,4.0
418,1564,4.0
418,5236,4.0
418,1646,4.5
418,5237,4.0
418,1920,4.0
418,5238,4.0
418,2207,4.0
418,1777,4.0
418,991,4.0
418,3625,4.5
418,4946,4.5
418,760,4.0
418,762,4.5
418,1264,4.5
418,1313,4.0
418,676,4.5
418,2061,4.0
418,2062,4.0
418,1673,4.0
418,2067,4.0
418,1656,4.5
418,774,4.0
418,2072,4.0
419,3172,4.0
419,402,5.0
419,22,5.0
419,28,5.0
419,253,4.0
419,2748,4.0
419,256,4.0
419,1162,5.0
419,5239,4.0
419,2751,4.5
419,654,4.0
419,681,4.5
419,267,4.5
419,59,4.5
419,656,4.5
419,659,5.0
419,1097,4.5
419,1885,5.0
419,716,5.0
419,155,5.0
419,1949,5.0
419,624,4.5
419,1123,4.0
419,728,4.5
419,4522,4.5
419,1650,4.5
419,1790,4.0
419,549,4.5
420,0,4.0
420,13,5.0
420,402,5.0
420,463,5.0
420,444,4.0
420,615,4.0
420,256,4.0
420,514,5.0
420,35,4.0
420,654,5.0
420,62,5.0
420,270,4.0
420,660,4.0
420,70,4.0
420,1165,5.0
420,273,4.0
420,1275,5.0
420,84,4.0
420,1589,4.0
420,3363,4.0
420,218,4.0
420,143,4.0
420,5240,4.0
420,3655,5.0
420,918,4.0
420,163,4.0
420,1103,4.0
420,4013,4.0
420,313,4.0
420,5241,4.0
420,2118,4.0
420,190,4.0
420,317,4.0
420,473,4.0
420,2768,4.0
420,1301,4.0
420,3377,4.0
420,5242,4.0
420,1963,4.0
420,4061,4.0
420,5243,4.0
420,4114,4.0
420,5244,4.0
420,5245,4.0
420,1072,4.0
420,5246,4.0
420,4711,4.0
420,3794,4.0
421,6,4.0
421,373,5.0
421,339,4.5
421,402,5.0
421,16,5.0
421,1459,4.5
421,20,4.5
421,21,5.0
421,571,5.0
421,73,5.0
421,1583,4.0
421,617,5.0
421,688,4.5
421,121,4.0
422,3,5.0
422,4,5.0
422,646,4.0
422,3006,4.5
422,610,4.0
422,647,4.0
422,339,4.5
422,413,4.5
422,28,4.0
422,1877,5.0
422,52,4.0
422,654,4.0
422,268,4.0
422,685,4.5
422,274,4.0
422,1880,4.5
422,1057,4.5
422,86,4.5
422,200,4.0
422,91,4.0
422,1034,4.5
422,119,4.5
422,123,4.0
422,124,4.0
422,132,5.0
422,136,4.5
422,150,5.0
422,1503,4.5
422,163,4.5
422,309,5.0
422,2680,4.5
422,1299,4.5
422,670,4.5
422,1628,4.0
422,3503,4.5
422,948,5.0
422,734,4.0
422,1904,4.5
422,5247,4.5
422,1639,4.5
422,741,4.5
422,2783,4.5
422,1772,4.5
422,3556,4.0
422,748,4.5
422,4284,4.5
422,755,4.0
422,3176,4.0
422,203,4.5
422,1671,4.0
422,205,4.0
422,1320,4.5
422,206,4.5
422,207,5.0
422,812,4.5
422,2876,4.5
422,1327,5.0
422,1544,4.0
422,213,4.0
422,3223,4.5
422,825,4.5
422,5248,5.0
423,2,4.0
423,354,4.0
423,3,4.5
423,4,4.5
423,1476,4.0
423,6,4.0
423,370,4.0
423,4554,4.5
423,1448,4.0
423,511,4.0
423,647,5.0
423,339,4.0
423,402,5.0
423,404,4.0
423,16,5.0
423,1216,4.0
423,22,4.0
423,26,4.0
423,28,4.0
423,32,4.0
423,704,5.0
423,5249,4.0
423,3011,4.0
423,1272,4.0
423,457,4.5
423,858,4.0
423,58,4.0
423,63,4.0
423,1937,4.5
423,65,4.0
423,709,4.0
423,1110,4.0
423,271,4.0
423,72,4.0
423,75,4.0
423,1549,4.0
423,587,4.0
423,1194,4.0
423,276,4.0
423,864,4.5
423,81,4.0
423,86,4.0
423,1362,4.0
423,617,4.0
423,200,4.0
423,2003,4.0
423,715,4.0
423,100,4.0
423,112,4.0
423,1498,4.0
423,124,4.0
423,1374,4.0
423,3014,4.5
423,136,4.0
423,2688,4.5
423,149,4.0
423,4073,4.0
423,163,4.5
423,1729,4.0
423,720,4.0
423,174,4.0
423,309,4.0
423,721,4.5
423,2639,4.0
423,187,4.5
423,317,4.5
423,5102,4.0
423,605,4.0
423,932,4.0
423,933,4.0
423,321,4.5
423,322,4.0
423,606,4.0
423,475,4.0
423,477,4.0
423,1517,4.0
423,478,4.0
423,331,4.0
423,671,4.0
423,479,4.5
423,480,4.0
423,4435,4.0
423,731,4.0
423,481,4.0
423,1525,4.0
423,734,4.0
423,484,4.5
423,693,4.5
423,736,4.0
423,1639,4.0
423,737,4.0
423,1979,4.0
423,982,4.0
423,1984,4.0
423,492,4.0
423,1043,4.0
423,986,4.0
423,1553,4.0
423,2033,4.0
423,501,4.0
423,2036,4.0
423,1141,4.5
423,1778,4.0
423,993,4.0
423,4442,4.0
423,4811,4.0
423,4286,4.0
423,1314,4.0
423,791,4.0
423,208,4.5
424,344,4.5
424,1285,5.0
424,404,4.5
424,405,5.0
424,16,5.0
424,413,5.0
424,2719,5.0
424,21,4.0
424,427,5.0
424,614,4.5
424,246,4.5
424,343,4.0
424,434,4.5
424,901,5.0
424,57,5.0
424,1698,5.0
424,961,4.0
424,153,4.0
424,3526,4.5
424,311,4.0
424,314,5.0
424,927,4.0
424,196,4.0
424,319,4.0
424,475,4.5
424,477,5.0
424,329,5.0
424,480,4.5
424,2023,5.0
424,483,5.0
424,485,4.0
424,737,5.0
424,2730,4.0
424,987,5.0
424,5250,4.0
424,501,5.0
424,1143,5.0
424,994,5.0
424,506,4.0
424,1655,4.5
424,1656,4.5
424,781,4.0
424,1003,5.0
424,1539,5.0
424,548,5.0
424,1798,5.0
424,1008,4.5
424,2101,4.0
425,349,4.0
425,6,4.0
425,339,4.5
425,703,4.5
425,258,4.0
425,60,5.0
425,1583,4.0
425,1276,5.0
425,286,4.0
425,124,4.0
425,187,4.0
425,670,5.0
425,478,4.0
425,2281,4.0
425,479,4.0
425,480,4.0
425,1125,4.0
425,5251,4.0
425,5252,4.0
425,4500,4.5
425,5021,4.0
425,946,4.0
425,731,4.0
425,3707,4.0
425,732,4.5
425,1524,4.5
425,484,4.5
426,701,4.0
426,513,4.0
426,511,4.5
426,339,4.5
426,409,4.0
426,849,4.0
426,1050,4.0
426,50,4.0
426,59,4.5
426,1055,4.5
426,864,4.0
426,598,5.0
426,1586,4.0
426,119,4.0
426,688,4.0
426,2221,4.0
426,139,4.0
426,163,4.0
426,171,4.5
426,720,4.0
426,319,4.0
426,5117,4.0
426,1894,4.0
426,1124,4.5
426,671,4.0
426,1125,4.0
426,1524,4.0
426,1041,4.5
426,1853,4.0
426,1904,4.0
426,1979,4.0
426,201,4.5
426,1911,4.0
426,744,4.0
426,1043,4.0
426,4272,4.0
426,1070,4.0
426,2033,4.0
426,2227,4.0
426,1648,4.0
426,1856,4.0
426,3826,4.0
427,351,4.0
427,895,4.0
427,359,4.0
427,373,5.0
427,7,4.0
427,1270,5.0
427,460,4.0
427,376,5.0
427,509,5.0
427,510,4.0
427,377,4.0
427,4123,4.0
427,378,5.0
427,1291,4.0
427,381,4.0
427,382,4.0
427,384,4.0
427,385,4.0
427,388,5.0
427,586,4.0
427,389,4.0
427,337,5.0
427,608,4.0
427,5253,5.0
427,392,4.0
427,395,4.0
427,609,4.0
427,4049,5.0
427,396,5.0
427,1265,4.0
427,399,4.0
427,401,5.0
427,405,5.0
427,408,4.0
427,416,5.0
427,1338,4.0
427,5254,4.0
427,419,4.0
427,246,5.0
427,26,5.0
427,27,5.0
427,343,5.0
428,402,5.0
428,570,5.0
428,615,4.0
428,35,5.0
428,61,4.0
428,710,5.0
428,862,4.0
428,712,4.0
428,2320,5.0
428,286,5.0
428,1600,4.0
428,873,5.0
428,1500,5.0
428,139,5.0
428,297,4.0
428,299,5.0
428,155,5.0
428,165,4.0
428,168,4.0
428,2689,4.0
428,1509,4.0
428,892,4.0
428,927,4.0
428,196,4.0
428,930,4.0
428,933,5.0
428,322,5.0
428,324,4.0
428,475,4.0
428,481,5.0
428,524,5.0
428,487,4.0
428,488,4.5
428,5255,4.0
428,1156,4.5
429,703,5.0
429,1053,4.5
429,684,4.0
429,73,4.0
429,86,4.0
430,344,4.0
430,607,4.5
430,3,4.0
430,6,4.0
430,376,4.5
430,509,4.5
430,511,4.5
430,16,4.5
430,413,5.0
430,1338,4.5
430,21,4.5
430,22,4.5
430,433,4.5
430,26,4.5
430,28,4.0
430,343,4.0
430,434,4.0
430,1877,4.0
430,462,4.0
430,615,4.0
430,256,5.0
430,616,4.0
430,59,4.0
430,63,4.0
430,682,4.0
430,709,4.5
430,1275,4.0
430,2563,4.5
430,86,4.5
430,1362,4.0
430,617,4.0
430,200,4.5
430,580,4.0
430,1236,4.5
430,2005,4.0
430,1365,5.0
430,1588,5.0
430,714,4.5
430,715,4.5
430,1589,5.0
430,2221,4.0
430,121,4.5
430,124,4.5
430,1499,4.5
430,143,4.0
430,4759,4.5
430,299,4.0
430,3494,4.0
430,1886,4.0
430,174,4.0
430,187,4.5
430,5256,4.0
430,196,4.0
430,473,4.0
430,624,5.0
430,2768,4.0
430,3373,4.0
430,3872,4.0
430,1123,4.5
430,1063,4.0
430,475,4.5
430,625,4.5
430,1634,4.0
430,477,4.0
430,480,4.5
430,947,4.0
430,731,4.5
430,481,4.0
430,5257,4.0
430,733,4.0
430,1525,4.5
430,484,4.0
430,485,4.0
430,693,4.0
430,487,4.0
430,488,4.0
430,1254,4.5
430,2701,4.0
430,982,4.0
430,491,4.5
430,492,4.0
430,2781,4.0
430,1644,4.0
430,743,4.0
430,493,4.5
430,536,4.0
430,986,4.5
430,537,5.0
430,5258,4.0
430,4438,4.5
430,989,4.0
430,5176,4.5
430,1309,4.0
430,5259,4.0
430,5260,4.0
430,1140,4.0
430,626,4.0
430,1142,4.0
430,5261,4.5
430,1076,4.0
430,760,4.0
430,2818,4.0
430,5262,5.0
430,1314,4.5
430,1663,4.0
430,676,4.0
430,628,4.5
430,508,4.0
430,1078,4.0
430,3602,4.0
430,4907,5.0
430,3603,4.0
430,204,4.0
430,777,4.5
430,1154,4.5
430,2665,4.0
430,677,4.0
430,1156,4.0
430,1159,4.0
430,629,4.0
430,2074,4.0
430,5263,4.0
430,5264,4.0
430,545,4.0
430,1680,4.5
430,1681,4.5
430,5228,5.0
430,789,4.0
430,207,4.5
430,5265,4.5
430,678,4.0
430,208,4.5
430,5266,4.0
430,5230,4.0
430,2136,5.0
430,797,4.0
430,5267,4.0
430,5268,4.5
430,1801,4.0
430,1009,4.0
430,1806,5.0
430,5269,4.0
430,5270,4.0
431,4,5.0
431,339,5.0
431,402,4.5
431,28,4.0
431,30,4.0
431,704,4.5
431,50,4.0
431,124,4.0
431,163,4.0
431,945,5.0
431,201,4.0
431,699,4.0
431,551,4.5
431,1029,5.0
432,0,4.0
432,2,4.0
432,3,4.0
432,6,4.5
432,646,5.0
432,373,5.0
432,11,4.0
432,13,5.0
432,647,4.5
432,339,5.0
432,402,4.0
432,16,4.5
432,21,5.0
432,22,5.0
432,648,5.0
432,246,4.0
432,571,4.5
432,28,4.0
432,30,5.0
432,462,4.0
432,1050,5.0
432,463,4.0
432,704,4.5
432,615,5.0
432,464,4.5
432,679,4.5
432,48,4.5
432,50,4.0
432,51,5.0
432,55,5.0
432,654,4.5
432,56,5.0
432,57,4.0
432,616,5.0
432,59,4.5
432,61,4.5
432,62,4.5
432,63,5.0
432,65,5.0
432,709,4.0
432,685,5.0
432,70,5.0
432,1055,5.0
432,75,4.5
432,1275,4.0
432,80,4.0
432,864,5.0
432,200,4.5
432,713,4.0
432,87,4.5
432,100,5.0
432,112,4.5
432,688,4.0
432,123,4.0
432,124,5.0
432,136,4.5
432,139,5.0
432,150,4.5
432,151,5.0
432,299,5.0
432,155,5.0
432,158,4.0
432,163,5.0
432,666,5.0
432,171,4.5
432,174,4.5
432,186,4.0
432,196,4.5
432,1627,4.0
432,319,4.5
432,605,5.0
432,322,4.5
432,670,5.0
432,725,4.0
432,2699,4.5
432,1124,5.0
432,477,4.5
432,478,4.0
432,939,4.5
432,479,5.0
432,480,4.0
432,1897,5.0
432,731,4.0
432,482,5.0
432,1041,4.0
432,484,5.0
432,693,5.0
432,487,4.0
432,737,4.0
432,1171,4.5
432,1042,4.0
432,1258,4.5
432,741,4.5
432,201,4.0
432,492,5.0
432,744,4.0
432,1043,4.5
432,747,4.0
432,1647,4.5
432,1924,4.5
432,1648,4.5
432,501,4.5
432,1310,4.0
432,540,4.5
432,2190,4.0
432,760,4.0
432,1313,4.0
432,1147,5.0
432,676,5.0
432,203,5.0
432,1664,4.0
432,1175,5.0
432,628,4.0
432,508,4.0
432,1315,4.0
432,770,4.0
432,1044,5.0
432,204,5.0
432,777,4.0
432,1159,4.5
432,2074,4.5
432,206,5.0
432,1177,5.0
432,1680,4.5
432,1681,5.0
432,1080,5.0
432,1682,4.0
432,2707,5.0
432,789,5.0
432,5271,4.0
432,207,4.5
433,895,4.0
433,4,4.0
433,374,4.0
433,10,5.0
433,402,5.0
433,2301,4.0
433,615,5.0
433,654,4.5
433,682,5.0
433,3491,4.0
433,1367,5.0
433,1372,4.0
433,125,4.5
433,592,4.0
433,163,5.0
433,967,4.0
433,622,4.5
433,187,4.5
433,605,5.0
433,489,4.5
433,201,4.5
433,744,4.0
433,1043,5.0
433,540,4.0
433,1143,4.0
433,760,4.0
433,203,5.0
433,628,5.0
433,204,5.0
433,1159,5.0
433,698,4.5
433,545,4.0
433,207,4.5
433,208,4.5
433,699,4.5
433,700,4.0
434,0,4.0
434,344,4.0
434,333,5.0
434,895,4.0
434,373,4.0
434,1270,4.0
434,390,4.0
434,402,4.0
434,407,4.0
434,16,4.0
434,413,4.0
434,415,4.0
434,5254,4.0
434,420,4.0
434,20,5.0
434,340,4.0
434,1202,4.0
434,427,4.0
434,428,4.0
434,22,5.0
434,341,4.0
434,849,4.0
434,5272,4.0
434,1771,4.0
434,433,4.0
434,571,4.0
434,342,4.0
434,29,4.0
434,851,5.0
435,2,5.0
435,349,5.0
435,350,4.0
435,607,4.0
435,1285,4.0
435,354,4.0
435,334,4.0
435,3,4.0
435,4,4.0
435,2290,4.0
435,6,4.0
435,232,5.0
435,1335,4.0
435,373,4.0
435,3852,4.0
435,3006,5.0
435,234,5.0
435,1198,4.0
435,378,4.0
435,5273,4.0
435,381,4.0
435,513,5.0
435,1201,5.0
435,336,4.0
435,13,5.0
435,1048,5.0
435,338,5.0
435,396,4.0
435,339,5.0
435,1265,5.0
435,402,5.0
435,1294,4.0
435,611,4.0
435,421,4.0
435,1703,4.0
435,428,5.0
435,613,4.0
435,429,4.0
435,22,5.0
435,570,5.0
435,26,5.0
435,30,5.0
435,1877,4.0
435,439,5.0
435,443,5.0
435,248,5.0
435,1347,4.0
435,451,5.0
435,51,5.0
435,680,4.0
435,515,5.0
435,1474,4.0
435,3985,4.0
435,1713,5.0
435,57,4.0
435,1163,5.0
435,59,4.0
435,60,5.0
435,61,5.0
435,62,5.0
435,269,5.0
435,658,5.0
435,684,5.0
435,1164,5.0
435,659,4.0
435,270,4.0
435,70,5.0
435,3979,4.0
435,71,4.0
435,75,4.0
435,1700,5.0
435,665,5.0
435,1352,4.0
435,1071,4.0
436,0,4.5
436,2,5.0
436,955,4.0
436,347,4.0
436,354,4.0
436,361,4.0
436,368,4.0
436,6,4.5
436,370,4.0
436,371,5.0
436,373,4.0
436,460,4.0
436,568,4.0
436,701,4.0
436,13,5.0
436,402,5.0
436,1268,4.0
436,409,4.0
436,16,4.0
436,413,4.5
436,415,4.0
436,416,5.0
436,20,4.0
436,21,4.0
436,1470,4.0
436,428,4.0
436,22,4.5
436,24,4.0
436,246,4.0
436,571,5.0
436,27,4.0
436,342,4.0
436,343,4.0
436,434,4.0
436,462,4.0
436,32,4.5
436,1480,4.0
436,1706,4.0
436,251,4.0
436,899,4.0
436,679,4.0
436,457,4.5
436,1348,4.0
436,465,4.0
436,56,5.0
436,61,5.0
436,68,4.0
436,70,4.0
436,663,5.0
436,71,4.0
436,72,4.0
436,1097,5.0
436,1190,4.0
436,710,5.0
436,1483,4.5
436,1206,4.0
436,1071,4.0
436,573,5.0
436,1208,4.0
436,79,4.0
436,864,4.5
436,82,4.0
436,958,4.0
436,84,5.0
436,598,4.0
436,617,4.5
436,1490,4.0
436,1235,4.0
436,200,4.5
436,581,4.0
436,583,4.0
436,94,4.0
436,618,4.0
436,3491,4.0
436,619,4.0
436,100,4.0
436,105,4.5
436,1594,4.0
436,688,4.5
436,1113,4.0
436,1372,4.5
436,125,4.0
436,912,4.0
436,961,4.0
436,139,5.0
436,1248,4.0
436,144,4.0
436,145,4.0
436,915,4.0
436,150,4.0
436,299,4.0
436,878,4.0
436,3434,4.0
436,5274,4.0
436,879,4.0
436,171,4.0
436,4012,4.0
436,1394,4.0
436,1614,4.5
436,471,4.5
436,620,4.0
436,721,4.5
436,312,4.0
436,622,4.0
436,623,4.0
436,187,5.0
436,970,4.0
436,1412,4.0
436,601,4.0
436,196,4.0
436,5275,4.0
436,317,4.0
436,473,4.0
436,1299,4.0
436,1512,4.5
436,1627,4.5
436,319,5.0
436,198,4.0
436,932,4.0
436,1419,4.0
436,1420,4.0
436,670,4.5
436,2658,4.0
436,475,4.5
436,1514,4.5
436,2108,4.0
436,1438,4.5
436,2265,4.0
436,978,4.0
436,5276,4.0
436,3535,4.5
436,5119,5.0
436,477,4.0
436,5120,4.0
436,329,4.0
436,1517,4.0
436,478,4.0
436,480,4.0
436,1125,4.5
436,1896,4.5
436,5277,4.0
436,518,4.5
436,3389,4.0
436,730,4.0
436,731,4.5
436,980,4.0
436,2649,4.0
436,483,4.0
436,524,4.0
436,1552,5.0
436,484,4.0
436,2025,4.0
436,4077,4.0
436,2603,4.5
436,5156,4.0
436,487,4.0
436,737,4.0
436,1254,4.0
436,1127,4.0
436,489,5.0
436,2276,5.0
436,2026,4.0
436,1128,4.5
436,1042,4.0
436,1257,4.0
436,490,4.0
436,201,4.5
436,4079,4.0
436,531,4.5
436,1259,5.0
436,491,4.5
436,492,4.0
436,743,4.0
436,744,4.0
436,3587,4.0
436,1043,4.0
436,493,4.0
436,696,4.5
436,986,5.0
436,2226,4.0
436,987,4.5
436,1646,4.0
436,1920,4.0
436,496,4.5
436,989,4.0
436,499,5.0
436,501,5.0
436,2035,4.0
436,2036,4.0
436,990,4.0
436,4894,4.5
436,1263,4.5
436,1776,4.0
436,1140,4.0
436,539,4.5
436,1777,4.0
436,5278,4.0
436,4045,4.0
436,1310,4.5
436,540,4.5
436,1311,4.0
436,1649,5.0
436,1143,4.0
436,2205,4.0
436,4810,4.0
436,3314,5.0
436,1661,4.5
436,994,4.0
436,760,4.0
436,763,4.0
436,2231,4.0
436,4000,5.0
436,1077,4.0
436,5279,4.0
436,203,4.5
436,628,4.0
436,508,4.0
436,1078,5.0
437,402,5.0
437,16,5.0
437,22,4.5
437,679,4.5
437,58,4.5
437,68,4.0
437,100,4.0
437,912,4.0
437,139,5.0
437,1301,4.5
437,479,5.0
437,484,4.0
437,492,5.0
437,501,4.0
437,678,4.0
437,2865,4.0
438,1047,4.5
438,1213,4.0
438,648,5.0
438,1269,4.0
438,464,4.5
438,655,4.5
438,63,4.5
438,1578,4.5
438,617,4.0
438,1586,4.5
438,2149,4.0
438,1383,4.0
438,2689,4.0
438,1170,4.5
438,890,4.5
438,3686,4.0
438,1124,4.5
438,1171,4.5
438,744,4.0
438,5280,4.0
438,677,4.0
439,955,4.5
439,3,4.5
439,1448,4.0
439,13,5.0
439,339,5.0
439,571,5.0
439,28,4.5
439,679,4.0
439,50,4.5
439,56,4.0
439,58,5.0
439,2569,5.0
439,80,5.0
439,139,5.0
439,143,4.5
439,298,5.0
439,151,5.0
439,163,4.5
439,176,5.0
439,1508,5.0
439,475,4.5
439,5281,5.0
439,692,5.0
439,479,5.0
439,521,5.0
439,492,5.0
439,2610,4.0
439,1043,5.0
439,1648,5.0
439,1856,5.0
439,1667,5.0
439,204,5.0
439,1000,4.0
439,206,4.5
439,698,4.5
439,1080,4.5
439,1682,4.0
439,3051,5.0
439,551,5.0
439,213,4.0
439,641,4.5
440,0,4.0
440,6,4.5
440,13,4.0
440,339,4.0
440,402,5.0
440,16,5.0
440,30,5.0
440,654,4.0
440,200,4.0
440,124,4.0
440,155,4.0
440,163,4.0
440,479,4.5
440,484,5.0
440,693,4.0
440,492,5.0
440,744,4.0
440,676,4.0
440,1151,4.0
440,1159,4.0
440,1079,4.0
440,5197,4.0
440,805,5.0
440,5282,5.0
440,1326,5.0
440,817,5.0
440,1328,5.0
440,3621,5.0
440,1185,5.0
441,2,4.0
441,349,4.0
441,332,4.0
441,3,4.0
441,4,5.0
441,335,5.0
441,3627,5.0
441,6,4.0
441,646,5.0
441,12,5.0
441,237,4.0
441,4125,4.0
441,339,5.0
441,402,4.0
441,409,5.0
441,16,5.0
441,512,4.0
441,18,4.0
441,416,4.0
441,1456,4.0
441,702,4.0
441,613,4.0
441,22,5.0
441,703,4.0
441,571,4.0
441,28,5.0
441,343,4.0
442,354,5.0
442,3,4.5
442,6,5.0
442,13,5.0
442,647,4.0
442,339,4.0
442,1292,4.0
442,20,4.0
442,648,4.0
442,28,4.0
442,650,4.0
442,463,5.0
442,704,5.0
442,49,5.0
442,55,5.0
442,57,5.0
442,658,5.0
442,659,4.0
442,716,4.5
442,139,5.0
442,299,4.0
442,163,5.0
442,1124,4.0
442,671,5.0
442,479,5.0
442,480,4.0
442,482,4.5
442,4129,4.5
442,484,4.0
442,492,5.0
442,744,4.0
442,1918,4.5
442,675,4.5
442,1143,4.0
442,676,4.5
442,629,4.5
442,206,4.5
442,207,4.5
442,208,4.5
442,552,5.0
442,819,5.0
442,214,4.5
442,1331,5.0
443,347,4.0
443,350,5.0
443,354,4.0
443,333,5.0
443,3,4.0
443,4,4.0
443,367,4.0
443,370,4.0
443,7,4.0
443,513,4.0
443,1200,4.0
443,237,4.0
443,610,4.0
443,339,4.0
443,400,4.0
443,404,5.0
443,512,4.0
443,21,4.0
443,1202,4.0
443,428,5.0
443,22,5.0
443,571,5.0
443,26,4.0
443,28,5.0
443,342,4.0
443,343,4.0
443,462,4.0
444,344,5.0
444,1285,4.0
444,4121,5.0
444,6,5.0
444,373,4.0
444,1445,4.0
444,460,4.0
444,376,4.0
444,382,4.0
444,511,4.0
444,608,5.0
444,394,4.0
444,610,5.0
444,647,5.0
444,339,5.0
444,4006,5.0
444,399,4.0
444,402,5.0
444,403,4.0
444,15,4.0
444,407,4.0
444,409,5.0
444,16,4.0
444,17,5.0
444,413,4.0
444,18,4.0
444,242,5.0
444,414,4.0
444,416,4.0
444,1455,4.0
444,612,5.0
444,5053,4.0
444,419,4.0
444,1342,4.0
444,4133,4.0
444,422,4.0
444,20,4.0
444,461,4.0
444,340,5.0
444,21,4.0
444,1462,4.0
444,341,5.0
444,1343,4.0
444,24,5.0
444,25,4.0
444,433,5.0
444,246,5.0
444,571,4.0
444,28,4.0
444,342,4.0
444,343,4.0
444,434,4.0
445,0,5.0
445,955,4.0
445,349,5.0
445,3,4.0
445,4,4.0
445,1031,4.0
445,371,4.0
445,1270,4.0
445,460,4.0
445,513,4.0
445,13,5.0
445,339,5.0
445,1265,4.0
445,403,4.0
445,241,4.0
445,15,4.0
445,415,4.0
445,1456,4.0
445,20,4.0
445,2719,4.0
445,340,4.0
445,2565,4.0
445,244,4.0
445,427,4.0
445,648,4.0
445,23,4.0
445,703,4.0
445,1876,4.0
445,28,5.0
445,342,4.0
445,29,4.0
445,3353,5.0
445,30,4.0
445,436,4.0
445,1269,5.0
445,851,4.0
445,650,4.0
445,704,4.0
445,1479,4.0
445,615,5.0
445,256,4.5
445,34,4.0
445,35,4.5
445,464,4.0
445,5283,4.0
445,3772,4.5
445,3355,4.0
445,2634,4.0
445,3011,4.0
445,899,4.0
445,900,5.0
445,4098,4.0
445,43,5.0
445,44,4.0
445,901,4.0
445,679,5.0
445,1482,4.0
445,48,4.0
445,261,4.0
445,858,5.0
445,49,5.0
445,1095,4.0
445,50,5.0
445,51,4.0
445,52,4.0
445,53,4.0
445,1697,4.0
445,55,5.0
445,652,5.0
445,653,4.0
445,3985,4.0
445,654,5.0
445,56,5.0
445,58,5.0
445,681,5.0
445,59,4.0
445,60,4.0
445,705,5.0
445,61,5.0
445,62,5.0
445,682,5.0
445,657,4.0
445,707,5.0
445,683,5.0
445,658,5.0
445,684,4.0
445,1580,4.0
445,270,5.0
445,69,5.0
445,1096,5.0
445,70,4.0
445,272,4.0
445,71,5.0
445,72,5.0
445,664,5.0
445,273,4.0
445,274,5.0
445,75,4.0
445,1583,4.0
445,1880,5.0
445,710,4.0
445,1355,4.0
445,1275,4.0
445,1194,4.0
445,1206,4.0
445,1071,4.0
445,687,4.0
445,1357,5.0
445,80,4.0
445,958,4.0
445,467,4.0
445,1361,4.0
445,84,4.0
445,85,4.0
445,598,4.5
445,277,4.0
445,1490,4.0
445,200,4.0
445,959,4.0
445,713,4.0
445,3864,4.0
445,581,4.0
445,3013,4.0
445,92,4.0
445,584,4.0
445,1033,5.0
445,94,4.0
445,96,4.0
445,1884,4.0
445,98,4.0
445,3774,5.0
445,99,4.0
445,469,5.0
445,868,4.0
445,5284,4.0
445,104,4.0
445,4254,4.0
445,907,4.0
445,909,4.0
445,107,4.0
445,111,4.0
445,1368,4.0
445,4363,4.0
445,112,4.0
445,688,4.0
445,1498,4.0
445,3843,4.0
445,121,4.0
445,2654,5.0
445,517,4.0
445,1374,4.0
445,912,4.0
445,126,5.0
445,4356,4.5
445,4243,4.0
445,1101,4.0
445,1947,4.0
445,133,4.0
445,3648,4.0
445,3993,5.0
445,138,4.0
445,4432,4.0
445,4256,4.0
445,914,4.0
445,298,4.5
445,5285,4.0
445,592,4.0
445,150,4.0
445,916,4.0
445,151,5.0
445,877,4.0
445,299,4.0
445,1725,4.0
445,1610,4.0
445,300,5.0
445,153,4.0
445,919,4.0
445,155,4.0
445,4120,4.0
445,5083,4.0
445,1393,4.0
445,879,4.0
445,1727,4.0
445,160,4.5
445,161,4.5
445,162,4.0
445,719,5.0
445,163,4.0
445,881,5.0
445,3876,4.0
445,164,4.5
445,165,4.0
445,964,4.5
445,965,4.5
445,166,5.0
445,167,4.5
445,168,4.0
445,1729,4.0
445,1730,5.0
445,169,4.0
445,170,4.0
445,689,4.0
445,305,4.0
445,171,4.0
445,5286,4.0
445,1104,4.0
445,1614,4.0
445,471,5.0
445,3170,4.0
445,175,4.0
445,885,4.0
445,1953,4.0
445,3526,4.0
445,5287,4.0
445,176,4.5
445,1508,4.0
445,311,4.0
445,1401,4.0
445,690,4.0
445,2681,4.0
445,1406,4.0
445,312,4.0
445,3329,4.0
445,1407,4.0
445,888,4.0
445,922,4.0
445,923,4.0
445,889,4.0
445,182,4.0
445,183,4.0
445,890,4.0
445,1740,5.0
445,1765,4.0
445,1742,4.0
445,315,5.0
445,1888,4.0
445,1510,4.0
445,1411,4.5
445,187,4.0
445,4367,4.0
445,188,4.0
445,5060,4.0
445,970,4.0
445,189,4.5
445,190,5.0
445,691,5.0
445,5288,5.0
445,1412,4.0
445,1621,4.5
445,196,4.0
445,972,5.0
445,472,4.0
445,317,4.0
445,1299,4.0
445,624,4.0
445,318,4.0
445,5289,4.0
445,1415,4.0
445,5290,4.0
445,605,4.0
445,1301,4.0
445,1420,5.0
445,323,4.0
445,1891,4.0
445,3973,4.0
445,3378,4.0
445,670,4.0
445,725,4.5
445,1513,4.0
445,1424,5.0
445,1425,4.0
445,726,5.0
445,3382,4.0
445,1429,5.0
445,1965,4.0
445,692,5.0
445,1969,4.0
445,1438,5.0
445,977,4.0
445,5291,4.0
445,3692,4.0
445,1516,4.5
445,3534,5.0
445,1072,4.0
445,1124,4.0
445,477,4.0
445,3697,5.0
445,478,4.0
445,5292,4.0
445,479,4.0
445,1125,4.0
445,4329,4.0
445,199,4.0
445,3018,4.0
445,2647,4.0
445,5293,4.0
445,945,4.0
445,5294,4.0
445,4331,4.0
445,730,4.0
445,5295,4.0
445,481,4.0
445,732,4.0
445,521,4.0
445,5296,5.0
445,1522,4.0
445,5297,5.0
445,1524,4.0
445,3799,4.0
445,4881,4.0
445,1041,4.0
445,950,4.0
445,5298,5.0
445,484,4.0
445,1903,4.0
445,525,4.5
445,485,4.0
445,693,5.0
445,1853,4.0
445,1908,4.0
445,487,4.0
445,5299,5.0
445,5300,4.0
445,1256,4.0
445,3515,4.0
445,490,4.0
445,201,4.0
445,2652,4.5
445,1911,4.0
445,2177,4.0
445,3399,4.0
445,5301,4.5
445,1854,5.0
445,3475,4.0
445,491,4.0
445,492,4.5
445,3506,5.0
445,1131,4.5
445,5302,4.0
445,5303,4.5
445,495,4.0
445,5304,5.0
445,496,5.0
445,1772,4.0
445,1648,4.0
445,1856,4.5
445,499,4.0
445,501,4.5
445,4144,4.0
445,1140,4.5
445,753,4.0
445,1777,4.0
445,1310,4.0
445,992,4.0
445,1311,4.0
445,1076,4.0
445,4164,4.5
445,759,4.5
445,1780,4.0
445,1859,5.0
445,1313,4.0
445,5305,4.0
445,3028,4.0
445,1147,4.0
445,203,4.0
445,507,4.0
445,508,4.5
445,5306,4.0
445,4166,4.0
445,1667,4.5
445,767,4.0
445,1316,4.0
445,1674,4.0
445,773,4.0
445,775,4.0
445,5307,4.0
445,1786,4.0
445,777,4.0
445,2071,4.5
445,2074,4.0
445,5308,4.0
445,782,4.0
445,1681,4.0
445,1321,4.0
445,5309,4.0
445,1682,4.0
445,790,4.0
445,207,4.0
445,794,4.0
445,678,5.0
445,208,4.0
445,4294,4.0
445,699,4.0
445,209,4.0
445,1797,4.5
445,2709,4.0
445,549,4.5
445,1540,4.0
445,700,4.0
445,5310,4.0
445,5311,4.0
445,2409,4.0
445,2849,4.5
445,2137,4.0
445,801,4.0
445,5312,4.0
445,2246,4.0
445,1804,4.0
445,1868,4.0
445,2712,4.0
445,2120,4.5
445,5313,4.0
445,1806,4.0
445,1180,4.5
445,3183,4.0
445,556,4.0
445,5234,4.0
445,2866,4.0
445,5314,4.0
445,1326,4.0
445,1179,4.0
445,5315,4.0
445,1809,4.0
445,1014,4.0
445,1810,4.0
445,5316,4.0
445,636,4.0
445,2878,4.0
445,4472,4.5
445,637,4.5
445,5317,4.0
445,5318,4.5
445,213,4.5
445,4192,4.0
445,1018,4.0
445,1813,4.0
445,1184,4.0
445,1688,4.0
445,214,4.5
445,5319,4.0
445,1819,4.0
445,1821,4.0
445,5320,4.0
445,1022,4.0
445,1186,4.0
445,5321,5.0
445,642,4.0
445,3287,4.0
445,643,4.0
445,2718,4.0
445,4479,4.0
445,5322,4.5
445,5323,4.0
445,2527,4.0
445,3302,4.0
446,354,4.0
446,4,4.5
446,647,4.0
446,402,5.0
446,22,4.0
446,1096,4.0
446,124,4.5
446,128,4.0
446,136,4.5
446,155,4.0
446,163,4.5
446,3675,4.0
446,605,4.0
446,670,4.5
446,671,4.0
446,1041,4.5
447,6,5.0
447,646,4.0
447,13,5.0
447,849,4.0
447,571,5.0
447,462,4.0
447,254,4.0
447,901,4.0
447,48,4.0
447,654,5.0
447,59,5.0
447,271,4.0
447,1275,5.0
447,276,4.0
447,957,4.0
447,1233,5.0
447,1589,4.0
447,100,5.0
447,123,4.0
447,155,4.0
447,3350,5.0
447,1397,4.0
447,1170,4.0
447,3507,4.0
447,2762,4.0
447,890,4.0
447,1284,4.0
447,622,5.0
447,1121,4.0
447,5324,4.0
447,600,4.0
447,190,4.0
447,601,4.0
447,604,4.0
447,3989,4.0
447,3673,4.0
447,1299,4.0
447,624,4.0
447,5101,4.0
447,1625,4.0
447,1626,4.0
447,1512,5.0
447,1250,4.0
448,0,5.0
448,2,4.0
448,350,5.0
448,607,5.0
448,354,5.0
448,1212,4.0
448,367,4.0
448,369,5.0
448,370,4.0
448,20,4.0
448,28,5.0
448,30,5.0
448,462,4.0
448,31,4.0
448,1269,4.0
448,247,5.0
448,1347,5.0
448,451,4.0
448,1226,4.0
448,48,4.0
449,955,4.0
449,4121,4.0
449,3,5.0
449,1702,5.0
449,1476,4.0
449,6,5.0
449,1445,4.0
449,9,4.0
449,568,4.0
449,13,5.0
449,400,5.0
449,404,5.0
449,409,5.0
449,16,5.0
449,415,4.0
449,416,5.0
449,1342,4.0
449,21,4.0
449,22,5.0
449,648,5.0
449,24,5.0
449,571,5.0
449,27,5.0
449,30,5.0
449,462,5.0
449,443,4.0
449,444,5.0
449,615,5.0
449,679,4.0
449,858,5.0
449,50,5.0
449,52,4.0
449,53,5.0
449,465,4.0
449,54,5.0
449,2568,5.0
449,55,5.0
449,56,5.0
449,57,5.0
449,58,5.0
449,616,5.0
449,59,5.0
449,61,4.0
449,63,4.0
449,268,4.0
449,64,4.0
449,682,5.0
449,65,5.0
449,68,5.0
449,685,4.0
449,271,5.0
449,70,5.0
449,71,4.0
449,72,5.0
449,75,4.0
449,1880,5.0
449,710,5.0
449,862,4.0
449,712,5.0
449,1484,4.0
449,863,5.0
449,1275,5.0
449,1194,5.0
449,1276,5.0
449,1485,5.0
449,80,5.0
449,864,4.0
449,82,5.0
449,958,4.0
449,466,5.0
449,578,5.0
449,467,4.0
449,1361,4.0
449,4429,5.0
449,84,5.0
449,85,5.0
449,277,5.0
449,1362,4.0
449,617,5.0
449,1363,5.0
449,1490,5.0
449,3638,5.0
449,3167,5.0
449,959,4.0
449,87,5.0
449,2003,5.0
449,1236,5.0
449,5325,4.0
449,1098,4.0
449,1493,5.0
449,468,5.0
449,94,4.0
449,285,5.0
449,1589,5.0
449,96,4.0
449,1246,4.0
449,1112,4.0
449,1367,5.0
449,100,5.0
449,112,5.0
449,5326,5.0
449,1034,5.0
449,1594,5.0
449,688,4.0
449,122,5.0
449,1113,5.0
449,5327,5.0
449,125,5.0
449,4243,5.0
449,873,5.0
449,129,4.0
449,1115,5.0
449,136,5.0
449,137,4.0
449,5328,4.0
449,4401,5.0
449,139,5.0
449,2688,4.0
449,1248,5.0
449,143,4.0
449,144,4.0
449,147,4.0
449,914,5.0
449,5329,4.0
449,298,5.0
449,150,5.0
449,963,5.0
449,1383,5.0
449,1503,4.0
449,299,5.0
449,878,5.0
449,300,5.0
449,3494,4.0
449,1505,5.0
449,155,4.0
449,1390,5.0
449,158,4.0
449,879,5.0
449,160,4.0
449,162,4.0
449,964,4.0
449,720,4.0
449,967,5.0
449,1952,5.0
449,1614,4.0
449,174,5.0
449,885,5.0
449,1617,5.0
449,5287,4.0
449,1401,4.0
449,177,4.0
449,1406,5.0
449,925,4.0
449,181,5.0
449,186,5.0
449,1411,5.0
449,187,4.0
449,188,5.0
449,968,5.0
449,1959,5.0
449,191,4.0
449,192,5.0
449,3330,5.0
449,927,5.0
449,601,5.0
449,2015,4.0
449,196,4.0
449,319,5.0
449,1415,5.0
449,605,5.0
449,930,5.0
449,2262,5.0
449,2017,5.0
449,933,5.0
449,1420,4.0
449,1891,5.0
449,606,4.0
449,725,4.0
449,1513,4.0
449,1251,5.0
449,1515,4.0
449,1252,4.0
449,692,4.0
449,1253,5.0
449,978,5.0
449,1516,5.0
449,5330,4.0
449,1072,5.0
449,2109,4.0
449,2223,4.0
449,478,4.0
449,4329,5.0
449,3878,5.0
449,1127,4.5
450,0,5.0
450,354,5.0
450,333,4.0
450,3,5.0
450,4,5.0
450,1476,4.0
450,368,4.0
450,6,5.0
450,369,5.0
450,9,4.0
450,460,5.0
450,1200,5.0
450,11,5.0
450,13,4.0
450,396,4.0
450,339,5.0
450,1265,5.0
450,402,5.0
450,1268,4.0
450,16,5.0
450,512,5.0
450,413,5.0
450,18,5.0
450,242,5.0
450,414,5.0
450,415,4.0
450,416,4.0
450,419,4.0
450,20,5.0
450,461,5.0
450,21,4.0
450,1463,4.0
450,23,4.0
450,24,4.0
450,246,5.0
450,571,5.0
450,28,4.0
450,434,4.0
450,30,4.0
450,247,4.0
450,32,4.0
450,704,5.0
450,1479,4.0
450,1346,4.0
450,615,4.0
450,1706,5.0
450,3011,5.0
450,679,5.0
450,1712,4.0
450,50,5.0
450,1474,4.0
450,55,5.0
450,1713,4.0
450,56,4.0
450,59,4.0
450,682,4.0
450,68,4.0
450,1110,5.0
450,70,5.0
450,1352,5.0
450,587,5.0
450,1483,5.0
450,1194,4.0
450,1206,4.0
450,687,5.0
450,1359,4.0
450,864,5.0
450,1488,5.0
450,82,5.0
450,958,4.0
450,1361,4.0
450,84,4.0
450,3488,4.0
450,277,4.0
450,617,4.0
450,1585,5.0
450,1235,5.0
450,1058,4.0
450,713,4.0
450,87,5.0
450,1718,4.0
450,1491,5.0
450,581,4.0
450,89,4.0
450,3173,4.0
450,280,4.0
450,281,4.0
450,2325,4.0
450,1883,5.0
450,468,5.0
450,1111,4.0
450,584,4.0
450,96,4.0
450,1246,4.0
450,98,5.0
450,100,4.0
450,3776,4.0
450,1594,4.0
450,1113,4.0
450,2655,5.0
450,1600,5.0
450,716,5.0
450,3168,4.0
450,124,4.0
450,1374,4.0
450,912,4.0
450,293,4.0
450,873,5.0
450,961,4.0
450,136,5.0
450,1242,5.0
450,138,5.0
450,5331,4.0
450,139,5.0
450,590,5.0
450,140,5.0
450,5332,5.0
450,297,4.0
450,1248,4.0
450,143,5.0
450,470,4.0
450,298,5.0
450,1060,4.0
450,149,4.0
450,150,5.0
450,963,5.0
450,877,4.0
450,299,4.0
450,878,5.0
450,1725,4.0
450,1388,4.0
450,5333,4.0
450,155,5.0
450,3434,4.0
450,5274,4.0
450,1391,5.0
450,158,5.0
450,163,5.0
450,164,4.0
450,168,5.0
450,1035,4.0
450,471,5.0
450,3170,4.0
450,1616,4.0
450,2689,4.0
450,885,5.0
450,3367,5.0
450,5334,4.0
450,5335,4.0
450,5336,5.0
450,5337,4.0
450,3526,5.0
450,5338,4.0
450,176,5.0
450,1508,5.0
450,311,4.0
450,599,4.0
450,5339,5.0
450,1410,4.0
450,1510,4.0
450,5340,5.0
450,187,5.0
450,188,4.0
450,5060,4.0
450,195,4.0
450,927,5.0
450,601,4.0
450,5341,4.0
450,2014,5.0
450,5342,5.0
450,5096,4.0
450,602,4.0
450,5343,4.0
450,3161,4.0
450,472,5.0
450,2016,4.0
450,317,4.0
450,2324,4.0
450,1299,4.0
450,318,5.0
450,1300,4.0
450,1512,5.0
450,4247,4.0
450,319,5.0
450,605,5.0
450,930,5.0
450,2262,5.0
450,320,4.0
450,1301,5.0
450,2017,4.0
450,933,5.0
450,934,4.0
450,322,5.0
450,2657,4.0
450,4223,5.0
450,3530,4.0
450,1123,4.0
450,3378,4.0
450,670,5.0
450,5344,4.0
450,1063,5.0
450,1628,4.0
450,325,5.0
450,2658,4.0
450,2593,4.0
450,475,5.0
450,1514,5.0
450,937,4.0
450,4326,4.0
450,1852,4.0
450,529,4.0
450,4016,4.0
450,2265,5.0
450,671,5.0
450,479,4.0
450,480,5.0
450,518,5.0
450,1897,4.0
450,945,4.0
450,730,4.0
450,1303,4.0
450,947,4.0
450,731,4.0
450,481,4.0
450,732,4.0
450,1523,4.0
450,3469,4.0
450,483,4.0
450,5144,5.0
451,339,4.0
451,2553,4.0
451,253,5.0
451,50,4.0
451,268,4.5
451,1578,5.0
451,660,4.0
451,5345,4.5
451,1034,4.5
451,128,4.5
451,155,5.0
451,2580,4.0
451,1886,4.5
451,2326,4.5
451,624,4.0
451,4533,4.0
451,939,4.5
451,693,4.0
451,201,4.5
451,5346,5.0
451,1175,4.0
451,1177,4.0
452,347,4.0
452,333,4.0
452,361,4.0
452,6,4.0
452,1270,4.0
452,337,4.0
452,608,4.0
452,1048,4.0
452,1265,4.0
452,402,5.0
452,15,4.0
452,407,4.0
452,16,5.0
452,512,4.0
452,415,4.0
452,20,4.0
452,613,4.0
452,22,5.0
452,614,4.0
452,433,5.0
452,26,4.0
452,28,5.0
452,434,4.0
453,0,5.0
453,3421,4.0
453,1195,4.0
453,2293,4.0
453,370,4.0
453,13,5.0
453,435,4.0
453,1877,4.0
453,4427,5.0
453,462,4.0
453,1548,4.0
453,5347,5.0
453,5348,4.0
453,852,4.0
453,32,5.0
453,444,5.0
453,445,4.0
453,1704,4.0
453,1346,4.0
453,446,4.0
453,1480,5.0
453,47,4.0
453,5349,4.0
453,3208,5.0
453,1206,5.0
453,687,4.0
453,1485,5.0
454,6,5.0
454,513,5.0
454,13,5.0
454,403,4.0
454,32,5.0
454,34,4.0
454,55,5.0
454,57,5.0
454,71,4.0
454,712,5.0
454,1484,4.0
454,863,4.0
454,108,4.0
454,913,4.0
454,1115,4.0
454,590,4.0
454,149,4.0
454,963,4.0
454,299,5.0
454,300,5.0
454,163,5.0
454,1887,4.0
454,187,5.0
454,1249,5.0
454,317,4.0
455,344,4.0
455,955,4.0
455,332,5.0
455,4341,5.0
455,585,4.0
455,361,5.0
455,367,5.0
455,6,5.0
455,373,5.0
455,1445,5.0
455,1270,5.0
455,460,4.0
455,509,5.0
455,377,4.0
455,378,5.0
455,381,5.0
455,382,5.0
455,384,4.0
455,388,4.0
455,608,4.0
455,1748,5.0
455,396,5.0
455,339,4.0
455,400,4.0
455,403,4.0
455,405,5.0
455,15,5.0
455,407,4.0
455,16,5.0
455,413,5.0
455,415,5.0
455,420,4.0
455,422,5.0
455,20,5.0
455,340,5.0
455,21,5.0
455,614,5.0
455,24,4.0
455,433,5.0
455,246,4.0
455,343,5.0
455,434,4.0
455,443,4.0
455,456,4.0
456,13,4.0
456,139,4.0
456,319,5.0
456,1301,4.0
456,477,4.5
456,730,4.0
456,482,5.0
456,483,4.0
456,737,5.0
456,987,4.5
456,501,5.0
456,628,5.0
456,1315,4.0
456,206,4.5
456,545,5.0
456,789,5.0
456,207,4.5
456,208,4.5
456,1183,4.5
456,812,5.0
456,1025,5.0
456,2667,5.0
457,0,4.5
457,373,4.5
457,402,5.0
457,16,4.5
457,466,5.0
457,200,4.0
457,2325,4.0
457,285,4.0
457,4835,4.0
457,293,4.0
457,139,4.5
457,299,4.5
457,163,4.5
457,471,4.0
457,187,5.0
457,3161,4.5
457,1301,4.5
457,475,4.0
457,3579,4.0
457,5350,4.0
457,1124,4.5
457,477,4.0
457,478,4.0
457,479,5.0
457,480,5.0
457,731,5.0
457,481,4.0
457,484,5.0
457,485,4.0
457,737,5.0
457,1910,4.5
457,1171,5.0
457,489,4.0
457,491,5.0
457,742,4.0
457,492,5.0
457,1135,5.0
457,987,4.5
457,747,4.0
457,501,4.5
457,2036,4.0
457,1141,4.5
457,1143,5.0
457,994,4.0
457,760,4.0
457,761,4.5
457,1663,5.0
457,203,4.0
457,1664,4.5
457,1175,5.0
457,628,4.5
457,508,4.0
457,1667,4.5
457,2061,4.0
457,1656,4.5
457,677,5.0
457,1159,4.5
457,781,4.5
457,545,4.5
457,790,4.5
457,1683,4.5
457,208,4.5
457,209,4.0
457,2091,4.5
457,5351,4.5
458,510,4.0
458,402,4.5
458,16,5.0
458,614,4.0
458,433,4.0
458,28,4.0
458,62,4.0
458,709,4.5
458,271,4.0
458,200,4.0
458,581,4.5
458,299,4.0
458,174,4.0
458,207,4.0
458,812,4.5
458,213,5.0
459,332,4.0
459,3,4.0
459,646,5.0
459,232,4.0
459,233,4.0
459,513,4.0
459,336,5.0
459,13,4.0
459,402,4.0
459,1935,4.5
459,1220,4.0
459,463,4.5
459,615,5.0
459,253,4.0
459,254,4.0
459,256,4.0
459,34,4.0
459,35,4.5
459,1162,4.0
459,858,4.0
459,49,5.0
459,51,4.0
459,55,4.5
459,2214,4.5
459,62,4.5
459,268,4.5
459,682,4.5
459,683,5.0
459,658,4.5
459,1053,4.0
459,68,4.0
459,2569,5.0
459,708,4.0
459,659,5.0
459,1274,4.0
459,660,5.0
459,271,4.0
459,662,4.0
459,686,4.5
459,663,4.5
459,664,5.0
459,73,4.5
459,273,4.5
459,1097,4.0
459,2311,4.5
459,1192,4.5
459,903,4.0
459,1276,4.0
459,958,4.0
459,84,4.0
459,5352,4.0
459,1490,5.0
459,1235,4.0
459,1032,5.0
459,94,5.0
459,285,4.0
459,1494,4.5
459,286,4.5
459,1593,4.0
459,289,4.0
459,3843,4.0
459,2654,4.0
459,2206,5.0
459,292,4.0
459,4109,4.0
459,3780,4.0
459,297,4.5
459,5353,4.5
459,5285,4.5
459,3656,4.5
459,4415,4.0
459,1610,4.5
459,300,4.0
459,1390,4.0
459,3876,4.5
459,164,4.5
459,1035,4.0
459,2583,4.5
459,1103,5.0
459,4316,4.5
459,2153,4.5
459,175,4.5
459,2585,4.5
459,3458,4.0
459,2154,4.0
459,1283,4.5
459,3988,4.0
459,1769,4.0
459,2118,5.0
459,1766,4.0
459,668,5.0
459,1959,4.5
459,196,4.0
459,1747,4.0
459,5354,4.5
459,2592,4.5
459,5065,4.0
459,2158,4.5
459,4519,4.0
459,5355,4.0
459,2725,4.5
459,5356,4.5
459,331,4.0
459,479,4.5
459,5357,4.5
459,5358,4.0
459,4856,4.0
459,1041,4.5
459,1976,4.5
459,5359,4.0
459,484,4.0
459,5360,4.0
459,5361,4.0
459,2167,4.5
459,3624,5.0
459,738,4.0
459,489,4.0
459,5362,5.0
459,4799,4.5
459,3726,4.5
459,5363,4.0
459,739,4.0
459,4739,4.5
459,5364,4.0
459,5365,5.0
459,5366,4.0
459,492,4.5
459,1172,4.0
459,2610,4.0
459,4789,4.0
459,5367,4.0
459,5368,4.5
459,3738,5.0
459,3818,4.0
459,1856,4.5
459,499,4.0
459,4031,4.0
459,3519,5.0
459,5369,4.5
459,4212,4.5
459,5370,4.5
459,3826,4.0
459,3829,4.0
459,1929,4.0
459,4043,4.0
459,5371,5.0
459,5372,4.0
459,5373,4.0
459,4791,4.0
459,1650,4.5
459,762,4.5
459,5374,4.0
459,5375,4.5
459,1147,4.0
459,1175,4.0
459,4506,4.0
459,4803,4.0
459,4001,4.0
459,5376,4.0
459,2285,4.0
459,5377,4.0
459,5032,4.0
459,3982,4.5
459,5378,4.0
459,2132,4.5
459,4447,4.5
459,2074,4.0
459,5379,4.0
459,1081,4.5
459,3614,4.0
459,4717,5.0
459,4549,4.5
459,3045,4.0
459,1863,4.0
459,5197,4.5
459,5380,4.5
459,210,4.0
459,1540,4.5
459,5381,4.5
459,5382,5.0
459,2100,4.0
459,5383,4.5
459,1324,5.0
459,2120,4.5
459,808,4.0
459,5384,5.0
459,5385,4.5
459,4189,4.0
459,1016,4.0
459,5386,4.5
459,637,4.0
459,5387,4.0
459,5388,4.5
459,3282,4.0
459,5389,4.0
459,4673,4.0
459,834,4.5
459,5390,4.5
459,5391,4.0
459,5392,5.0
459,1833,4.5
459,5393,5.0
459,5394,5.0
459,1029,4.0
459,3748,4.5
459,5395,5.0
459,1838,5.0
459,1839,4.5
459,5396,4.0
459,5397,4.0
459,5398,4.5
459,5399,4.0
459,5400,5.0
459,5401,4.5
460,6,4.5
460,339,4.0
460,16,4.0
460,1463,4.0
460,22,4.0
460,682,4.5
460,1549,4.0
460,81,4.5
460,1550,4.0
460,469,4.0
460,100,4.5
460,601,4.0
460,1123,4.0
460,1125,4.0
460,947,4.0
460,484,5.0
460,492,5.0
460,5402,4.0
460,754,4.5
461,349,4.5
461,5403,4.0
461,607,4.0
461,1285,4.0
461,3,5.0
461,6,5.0
461,460,5.0
461,1336,4.0
461,13,5.0
461,608,4.0
461,647,5.0
461,339,4.5
461,402,5.0
461,16,5.0
461,242,4.5
461,415,4.0
461,21,4.0
461,22,4.5
461,571,5.0
461,26,5.0
461,28,5.0
461,434,4.5
461,615,5.0
461,679,5.0
461,53,4.0
461,465,4.5
461,56,5.0
461,61,5.0
461,62,4.5
461,682,5.0
461,65,5.0
461,68,4.0
461,1206,4.5
461,81,4.0
461,467,5.0
461,84,5.0
461,86,5.0
461,617,4.0
461,3638,4.0
461,200,4.0
461,1365,4.0
461,1112,4.5
461,100,4.5
461,124,5.0
461,139,5.0
461,299,5.0
461,155,4.0
461,163,5.0
461,1116,5.0
461,178,5.0
461,187,5.0
461,1627,4.0
461,605,4.5
461,1301,5.0
461,670,4.0
461,937,4.0
461,478,4.0
461,479,5.0
461,1896,5.0
461,730,4.0
461,484,5.0
461,485,5.0
461,735,4.0
461,982,4.0
461,4162,4.0
461,492,5.0
461,536,5.0
461,1130,4.5
461,502,4.5
461,2207,4.0
461,626,5.0
461,762,4.0
461,203,4.0
461,3031,4.0
461,5404,4.0
461,5405,4.0
461,1678,4.5
461,5406,4.0
461,3038,4.0
461,789,5.0
461,2842,5.0
461,208,5.0
462,646,5.0
462,2213,4.0
462,15,4.0
462,16,5.0
462,422,4.0
462,20,4.0
462,340,4.0
462,22,5.0
462,648,5.0
462,28,5.0
462,30,5.0
462,463,5.0
462,253,5.0
462,254,5.0
462,256,5.0
462,464,5.0
462,259,5.0
462,857,5.0
462,1092,5.0
462,679,4.0
462,50,5.0
462,51,4.0
462,52,4.0
462,265,4.0
462,1713,5.0
462,616,5.0
462,60,5.0
462,61,4.0
462,63,5.0
462,2216,5.0
462,268,5.0
462,68,4.0
462,660,5.0
462,69,4.0
462,663,5.0
462,859,5.0
462,1165,5.0
462,665,5.0
462,1880,4.0
462,4386,5.0
462,1483,4.0
462,574,4.0
462,578,4.0
462,467,4.0
462,84,5.0
462,86,4.0
462,617,4.0
462,3143,4.0
462,1586,4.0
462,3327,4.0
462,1940,4.0
462,5407,4.0
462,280,5.0
462,1758,4.0
462,1719,4.0
462,100,5.0
462,1720,5.0
462,287,4.0
462,1368,4.0
462,4010,4.0
462,1113,4.0
462,125,4.0
462,130,4.0
462,3780,4.0
462,139,4.0
462,1383,4.0
462,299,5.0
462,878,4.0
462,3785,4.0
462,1390,4.0
462,158,4.0
462,920,4.0
462,159,4.0
462,719,4.0
462,165,4.0
462,1952,4.0
462,1401,4.0
462,1735,5.0
462,182,5.0
462,3908,4.0
462,3159,5.0
462,5408,4.0
462,1107,4.0
462,190,5.0
462,691,4.0
462,4110,4.0
462,3370,4.0
462,1959,4.0
462,3910,4.0
462,191,4.0
462,192,4.0
462,3160,4.0
462,5409,5.0
462,3911,4.0
462,5410,4.0
462,2156,4.0
462,194,4.0
462,199,5.0
463,16,5.0
463,139,4.0
463,163,4.0
463,2762,4.0
463,187,4.0
463,196,4.0
463,4221,4.5
463,1301,4.5
463,2658,4.0
463,1251,4.0
463,978,4.0
463,329,5.0
463,478,5.0
463,479,4.0
463,731,4.0
463,979,4.0
463,483,5.0
463,484,4.0
463,1906,4.0
463,1907,4.0
463,1305,4.0
463,489,4.0
463,982,4.0
463,492,4.0
463,743,4.5
463,1308,4.0
463,2226,4.5
463,987,4.5
463,988,4.5
463,989,4.0
463,747,4.0
463,500,4.0
463,993,4.0
463,4760,4.0
463,994,4.5
463,1779,4.0
463,2818,4.0
463,2048,4.5
463,764,4.5
463,1313,4.5
463,1554,5.0
463,1149,4.0
463,1315,4.5
463,998,4.0
463,999,4.5
463,1655,4.5
463,769,4.0
463,1317,4.5
463,1151,4.5
463,1676,4.0
463,777,4.0
463,778,4.5
463,677,4.5
463,2833,4.0
463,1160,5.0
463,698,4.0
463,545,5.0
463,1680,4.0
463,1003,4.5
463,790,4.5
463,207,4.5
463,1683,4.5
463,795,4.0
463,548,4.5
463,208,4.0
463,1798,4.5
463,549,4.0
463,4156,4.0
463,1008,4.5
463,552,4.5
463,811,4.0
463,638,4.0
463,639,5.0
463,1689,4.0
463,826,4.5
464,355,4.0
464,335,5.0
464,5052,4.0
464,22,5.0
464,1713,5.0
464,1053,5.0
464,587,4.0
464,3635,4.0
464,580,4.0
464,100,4.0
464,716,5.0
464,294,5.0
464,5411,4.0
465,0,4.0
465,354,4.0
465,585,5.0
465,3,5.0
465,6,4.0
465,373,5.0
465,382,4.0
465,511,4.0
465,608,4.0
465,396,4.0
465,1265,4.0
465,416,4.0
465,26,5.0
465,343,5.0
466,0,4.0
466,1047,4.0
466,354,5.0
466,2289,4.0
466,3,4.0
466,4,4.0
466,364,4.0
466,6,5.0
466,646,5.0
466,13,4.0
466,647,4.0
466,339,5.0
466,402,5.0
466,416,4.0
466,19,5.0
466,5412,4.0
466,2719,5.0
466,22,4.0
466,570,5.0
466,648,5.0
466,23,4.0
466,849,4.0
466,703,5.0
466,571,4.0
466,26,4.0
466,28,4.0
466,30,5.0
466,1694,4.0
466,463,5.0
466,615,5.0
466,250,4.0
466,855,5.0
466,253,5.0
466,254,5.0
466,2748,5.0
466,256,5.0
466,34,4.0
466,35,5.0
466,464,5.0
466,2143,4.0
466,259,4.0
466,857,4.0
466,4428,4.0
466,900,4.0
466,679,4.0
466,48,5.0
466,5048,4.0
466,858,5.0
466,49,5.0
466,459,4.0
466,263,4.0
466,50,5.0
466,51,4.0
466,53,4.0
466,1205,5.0
466,54,5.0
466,2568,4.0
466,55,5.0
466,2751,5.0
466,265,4.0
466,654,5.0
466,56,5.0
466,57,5.0
466,58,4.0
466,655,5.0
466,616,4.0
466,681,5.0
466,1163,4.0
466,59,5.0
466,656,4.0
466,60,5.0
466,706,5.0
466,62,4.0
466,63,5.0
466,268,4.0
466,64,4.0
466,682,5.0
466,65,5.0
466,269,5.0
466,707,5.0
466,683,5.0
466,658,5.0
466,1351,4.0
466,1053,4.0
466,684,4.0
466,1578,5.0
466,1054,4.0
466,3446,5.0
466,68,4.0
466,1579,5.0
466,1580,5.0
466,1274,5.0
466,270,4.0
466,660,5.0
466,1581,4.0
466,685,5.0
466,271,5.0
466,661,4.0
466,662,4.0
466,1096,5.0
466,686,4.0
466,70,5.0
466,663,5.0
466,859,4.0
466,1055,4.0
466,72,5.0
466,664,4.0
466,73,4.0
466,1097,5.0
466,274,4.0
466,2311,5.0
466,665,4.0
466,1166,4.0
466,1583,4.0
466,1352,4.0
466,3571,5.0
466,77,4.0
466,572,4.0
466,712,4.0
466,1484,4.0
466,2626,4.0
466,1275,5.0
466,1276,5.0
466,1057,4.0
466,79,4.0
466,864,5.0
466,466,5.0
466,83,4.0
466,84,5.0
466,86,4.0
466,617,5.0
466,516,4.0
466,278,5.0
466,87,5.0
466,3327,4.0
466,581,4.0
466,1098,4.0
466,2325,5.0
466,1111,4.0
466,5413,4.0
466,5414,5.0
466,1168,5.0
466,3361,4.0
466,1032,5.0
466,1033,5.0
466,94,4.0
466,1941,5.0
466,1850,4.0
466,285,5.0
466,1589,5.0
466,96,4.0
466,1112,4.0
466,100,4.0
466,4538,4.0
466,3867,4.0
466,106,5.0
466,869,4.0
466,111,4.0
466,1368,4.0
466,2576,4.0
466,3147,4.0
466,117,4.0
466,2008,4.0
466,288,4.0
466,1034,4.0
466,289,5.0
466,688,5.0
466,1722,5.0
466,290,5.0
466,291,4.0
466,3843,4.0
466,871,4.0
466,122,4.0
466,1113,5.0
466,218,5.0
466,2654,4.0
466,517,4.0
466,1372,4.0
466,1373,4.0
466,1885,4.0
466,3779,4.0
466,125,4.0
466,1280,5.0
466,4243,4.0
466,128,4.0
466,873,4.0
466,1723,4.0
466,1101,4.0
466,2106,5.0
466,136,5.0
466,3993,4.0
466,137,4.0
466,1761,5.0
466,139,4.0
466,297,4.0
466,145,4.0
466,151,4.0
466,1061,4.0
466,4962,4.0
466,1504,4.0
466,299,5.0
466,3455,4.0
466,1610,5.0
466,1386,4.0
466,918,5.0
466,155,5.0
466,1390,5.0
466,156,5.0
466,1612,5.0
466,158,4.0
466,879,4.0
466,303,4.0
466,160,4.0
466,719,4.0
466,1949,4.0
466,881,5.0
466,3876,4.0
466,166,4.0
466,168,5.0
466,1729,5.0
466,966,5.0
466,1103,5.0
466,3786,5.0
466,884,4.0
466,1887,4.0
466,4013,4.0
466,1104,4.0
466,667,5.0
466,174,5.0
466,2116,5.0
466,308,4.0
466,3458,4.0
466,1954,5.0
466,2679,5.0
466,176,4.0
466,887,5.0
466,1283,4.0
466,1170,4.0
466,4320,4.0
466,888,4.0
466,2639,4.0
466,5415,4.0
466,722,4.0
466,3848,4.0
466,890,4.0
466,1284,4.0
466,621,4.0
466,3464,4.0
466,1766,4.0
466,1742,5.0
466,315,4.0
466,1411,5.0
466,969,4.0
466,190,4.0
466,691,5.0
466,668,5.0
466,3370,4.0
466,3910,4.0
466,1559,5.0
466,3513,4.0
466,3578,4.0
466,197,4.0
466,5050,5.0
466,5416,4.0
466,199,4.0
466,1767,5.0
467,0,4.0
467,2288,4.0
467,333,4.0
467,334,4.0
467,6,5.0
467,1445,4.0
467,608,4.0
467,396,5.0
467,1265,4.0
467,402,4.0
467,403,4.0
467,405,4.0
467,15,4.0
467,16,5.0
467,512,4.0
467,413,4.0
467,18,4.0
467,415,4.0
467,416,5.0
467,1456,4.0
467,20,4.0
467,21,5.0
467,1470,4.0
467,427,4.0
467,429,4.0
467,22,5.0
467,614,4.0
467,433,5.0
467,571,5.0
467,26,4.0
467,434,4.0
467,443,4.0
467,48,4.0
468,0,5.0
468,339,4.0
468,22,4.5
468,716,5.0
468,163,4.0
468,477,4.0
468,671,4.0
468,693,4.0
468,737,4.0
468,742,4.0
468,677,4.5
468,206,4.0
468,678,4.5
468,208,4.0
468,796,5.0
468,552,4.5
468,1833,4.5
468,844,4.5
469,4,5.0
469,402,5.0
469,1478,4.0
469,615,5.0
469,654,4.5
469,682,5.0
469,579,4.0
469,714,4.0
469,874,4.5
469,1499,4.0
469,3494,4.0
469,1116,4.5
469,3367,4.0
469,1405,4.0
469,1407,4.0
469,183,4.5
469,479,4.0
469,484,4.0
469,492,4.0
469,203,5.0
469,204,5.0
469,551,5.0
469,1181,5.0
470,647,4.0
470,402,5.0
470,124,4.5
470,141,4.0
470,163,4.0
470,317,5.0
470,2699,4.0
470,1124,4.0
470,2281,4.0
470,939,4.5
470,742,4.0
470,744,5.0
470,500,4.0
470,1857,4.0
470,1928,4.5
470,3427,4.0
470,1313,4.5
470,4146,4.0
471,0,4.0
471,349,4.0
471,350,5.0
471,332,4.0
471,1211,4.5
471,354,4.0
471,333,4.5
471,334,5.0
471,2289,4.0
471,3,4.0
471,4,4.0
471,2290,4.0
471,646,4.0
471,373,4.5
471,5010,4.5
471,381,4.0
471,236,4.0
471,12,4.0
471,1201,4.0
471,336,4.0
471,1691,4.0
471,13,4.0
471,337,4.0
471,390,4.0
471,339,4.0
471,1265,4.0
471,1213,4.5
471,1214,4.0
471,402,5.0
471,403,4.0
471,404,4.0
471,413,4.5
471,415,4.0
471,416,4.0
471,2300,4.0
471,420,4.5
471,422,4.0
471,20,5.0
471,243,4.0
471,21,4.5
471,1202,5.0
471,429,5.0
471,22,5.0
471,570,4.0
471,2302,5.0
471,1935,4.0
471,614,4.5
471,23,4.5
471,1220,4.0
471,246,4.0
471,571,4.0
471,27,4.0
471,28,4.5
471,343,5.0
471,434,4.0
471,30,4.0
471,5055,4.5
471,247,4.5
471,851,4.0
471,32,4.0
471,650,4.0
471,463,4.5
471,704,4.0
471,444,4.0
471,615,5.0
471,250,4.0
471,251,4.0
471,855,4.5
471,253,4.0
471,2747,5.0
471,1750,5.0
471,2748,4.0
471,255,4.0
471,256,5.0
471,651,4.0
471,257,4.5
471,1708,4.0
471,1696,4.0
471,34,4.5
471,514,4.0
471,35,4.5
471,464,4.0
471,2143,4.5
471,3984,4.0
471,1751,5.0
471,259,4.0
471,3443,4.0
471,4428,4.0
471,2328,4.5
471,2305,4.0
471,3771,4.0
471,1710,4.5
471,38,4.5
471,1711,4.0
471,5417,4.0
471,1576,4.0
471,3773,4.0
471,1092,5.0
471,452,4.0
471,899,4.0
471,1481,4.5
471,901,5.0
471,2145,4.5
471,45,4.5
471,1226,4.5
471,3309,4.0
471,858,4.5
471,263,4.0
471,50,4.0
471,53,4.0
471,264,4.0
471,1205,4.0
471,1349,4.0
471,55,4.5
471,653,4.0
471,3985,4.0
471,2309,5.0
471,2146,4.0
471,4298,4.0
471,266,5.0
471,2214,4.0
471,56,5.0
471,57,4.5
471,58,4.0
471,267,4.0
471,1163,4.0
471,656,4.0
471,61,4.0
471,706,4.0
471,63,4.0
471,1879,4.0
471,268,4.5
471,682,5.0
471,65,4.0
471,657,4.5
471,66,4.0
471,269,4.5
471,658,4.0
471,1351,4.0
471,684,4.0
471,1578,4.0
471,68,4.0
471,1164,4.5
471,1579,4.0
471,709,4.5
471,659,5.0
471,270,4.0
471,660,4.0
471,2112,4.0
471,1714,4.5
471,685,4.0
471,271,4.0
471,661,4.0
471,1096,4.0
471,272,4.0
471,663,4.0
471,71,4.5
471,1165,4.0
471,73,4.0
471,2753,4.0
471,860,4.0
471,274,4.0
471,75,4.0
471,2311,4.0
471,1700,4.0
471,2313,4.0
471,1166,4.0
471,1352,5.0
471,3571,4.5
471,1880,4.5
471,4386,4.5
471,1584,4.0
471,1191,4.5
471,2755,4.5
471,710,5.0
471,572,4.5
471,2561,4.0
471,862,4.5
471,712,4.0
471,863,4.0
471,903,4.0
471,1275,4.5
471,1206,4.5
471,1276,4.5
471,1071,4.0
471,1485,4.0
471,573,4.0
471,2562,4.0
471,5418,4.5
471,5419,4.0
471,275,4.0
471,276,4.0
471,5420,4.0
471,79,4.0
471,1229,4.0
471,1231,4.0
471,1488,4.0
471,82,4.5
471,958,4.5
471,467,4.0
471,84,5.0
471,86,4.0
471,2147,4.0
471,5421,4.0
471,617,4.5
471,516,4.0
471,2320,4.0
471,1235,4.5
471,3143,4.5
471,3167,4.0
471,278,4.0
471,580,4.0
471,1586,4.0
471,88,4.5
471,1757,4.0
471,280,4.0
471,5422,4.5
471,5423,4.0
471,1493,4.5
471,1883,4.0
471,5424,4.0
471,1111,4.0
471,3573,4.0
471,3575,4.0
471,5425,4.0
471,1168,4.0
471,284,5.0
471,3841,4.0
471,1032,4.0
471,1033,4.0
471,94,4.0
471,3145,4.5
471,3362,5.0
471,2114,4.0
471,2149,4.0
471,715,4.0
471,2115,4.0
471,1277,4.0
471,1589,4.0
471,1246,4.0
471,469,4.0
471,1759,4.0
471,3644,4.0
471,104,4.0
471,105,4.0
471,1494,4.0
471,4387,4.0
471,3363,4.0
471,286,4.0
471,106,4.0
471,906,4.0
471,908,4.0
471,1099,4.0
471,3146,4.0
471,5076,4.0
471,1278,4.0
471,115,4.0
471,3880,4.0
471,1034,4.0
471,3874,5.0
471,5426,4.0
471,5427,4.0
471,289,4.5
471,688,4.0
471,1722,4.5
471,290,4.0
471,3842,4.5
471,3777,4.0
471,3843,4.5
471,1597,5.0
471,121,4.0
471,123,4.5
471,3645,5.0
471,517,4.5
471,1239,4.0
471,1885,4.5
471,716,5.0
471,124,4.0
471,5428,4.0
471,3647,4.0
471,912,4.0
471,1241,4.5
471,1280,4.0
471,913,5.0
471,873,4.0
471,718,4.0
471,961,5.0
471,5429,4.0
471,4388,4.0
471,136,4.0
471,137,4.0
471,1761,4.0
471,1102,5.0
471,139,4.5
471,1059,4.0
471,591,4.0
471,296,4.0
471,2688,4.0
471,5430,4.0
471,143,4.0
471,144,4.0
471,145,4.0
471,1609,4.0
471,149,4.0
471,5285,4.0
471,1503,4.0
471,1297,4.0
471,151,4.5
471,877,4.5
471,1061,4.5
471,3655,4.0
471,3897,5.0
471,152,4.0
471,299,5.0
471,300,4.0
471,153,4.0
471,5431,4.5
471,918,4.0
471,3658,4.0
471,1390,4.0
471,156,4.0
471,879,4.0
471,4135,4.0
471,5432,4.0
471,1728,4.0
471,4315,4.5
471,3341,4.0
471,920,4.0
471,2637,4.0
471,163,4.0
471,1949,4.0
471,3845,4.0
471,881,4.0
471,165,4.0
471,666,4.0
471,1035,4.0
471,4393,4.0
471,1730,4.0
471,1103,4.0
471,4316,4.0
471,689,4.0
471,305,5.0
471,171,4.0
471,1887,5.0
471,4013,4.5
471,3847,4.0
471,1952,4.0
471,5086,4.0
471,471,4.0
471,1615,4.0
471,5433,4.0
471,5434,4.0
471,174,4.0
471,2116,4.0
471,308,5.0
471,2689,4.0
471,885,4.0
471,309,5.0
471,4230,4.5
471,2585,4.0
471,5435,4.0
471,2154,4.0
471,3903,4.5
471,177,4.0
471,2760,4.5
471,2155,4.5
471,2761,4.0
471,312,4.0
471,4525,4.0
471,3460,4.0
471,1105,4.0
471,4320,4.0
471,178,4.0
471,314,4.0
471,1769,4.0
471,1737,4.0
471,5241,4.0
471,1106,4.5
471,1764,4.0
471,722,4.5
471,5436,4.0
471,1284,5.0
471,185,4.0
471,1765,4.0
471,1766,4.0
471,2682,4.5
471,1410,4.0
471,1888,4.0
471,1510,4.5
471,3158,4.0
471,3995,4.5
471,926,5.0
471,1889,4.0
471,5092,4.5
471,1890,4.0
471,2764,4.0
471,1744,4.0
471,2013,4.5
471,5409,4.0
471,1559,4.0
471,2156,4.0
471,196,4.5
471,3578,4.0
471,1747,4.0
471,5437,4.0
471,4400,4.0
471,5438,4.0
471,317,4.5
471,2324,4.0
471,1036,4.5
471,5439,4.0
471,624,4.0
471,318,4.0
471,3861,4.5
471,1627,4.5
471,319,4.0
471,724,4.0
471,932,4.0
471,933,4.0
471,934,4.5
471,322,4.5
471,5440,4.0
471,5064,4.0
471,5441,4.0
471,3682,4.5
471,5442,4.0
471,5443,4.0
471,5444,4.0
471,5242,4.0
471,4966,4.0
471,2158,4.0
471,4210,4.0
471,670,5.0
471,3791,4.0
471,325,4.5
471,3380,4.0
471,4707,4.0
471,5445,4.0
471,475,4.5
471,4955,4.0
471,327,4.0
471,1428,4.0
471,3686,4.0
471,476,4.5
471,1893,4.0
471,529,4.0
471,2108,4.0
471,1964,4.0
471,5446,5.0
471,1966,4.5
471,2159,4.0
471,692,4.5
471,3209,4.0
471,2597,4.0
471,4533,4.0
471,1971,4.0
471,5447,4.0
471,4328,4.0
471,3535,4.0
471,5245,4.0
471,3385,4.0
471,1124,4.5
471,2700,4.0
471,329,4.5
471,330,4.0
471,3580,4.0
471,478,4.0
471,5448,4.0
471,671,5.0
471,939,4.0
471,1895,4.0
471,479,5.0
471,728,4.0
471,5449,4.0
471,943,4.0
471,2997,5.0
471,1073,4.0
471,5450,4.0
471,2998,4.0
471,5357,4.0
471,1898,4.0
471,1899,4.0
471,4500,4.0
471,730,4.5
471,1303,5.0
471,3706,4.5
471,4520,4.0
471,4763,4.0
471,481,4.5
471,4534,4.5
471,3002,4.0
471,5023,4.5
471,5451,4.5
471,1523,4.5
471,1637,4.5
471,5452,4.0
471,1524,4.0
471,3466,4.0
471,5453,4.0
471,4332,4.0
471,482,4.5
471,2648,4.0
471,2164,4.0
471,5454,4.0
471,1975,4.0
471,1041,4.0
471,1074,4.5
471,5455,4.0
471,5141,4.5
471,1901,4.5
471,1976,4.5
471,1075,4.0
471,5456,4.0
471,2165,4.5
471,483,4.5
471,5457,4.0
471,5144,4.0
471,4129,4.0
471,484,5.0
471,1903,4.0
471,673,4.0
471,485,4.0
471,486,4.0
471,5148,4.0
471,735,4.5
471,693,4.0
471,5458,4.0
471,3715,4.0
471,5459,4.0
471,1853,4.0
471,5460,4.5
471,5461,4.0
471,5462,4.0
471,2684,4.0
471,5151,4.0
471,5463,5.0
471,1906,4.0
471,5464,4.0
471,5465,4.0
471,4337,4.5
471,5154,4.5
471,5155,4.0
471,5466,4.0
471,1908,4.0
471,2171,4.5
471,1909,4.0
471,487,5.0
471,5157,4.0
471,694,4.0
471,2728,4.0
471,737,4.0
471,3624,4.5
471,1910,5.0
471,5467,4.0
471,5468,4.5
471,1171,4.5
471,5469,4.5
471,5470,4.5
471,2172,4.0
471,2173,4.0
471,5471,4.0
471,3726,4.5
471,3346,4.0
471,5472,4.0
471,5473,4.0
471,5040,4.5
471,2685,4.5
471,739,4.0
471,2175,5.0
471,2607,4.0
471,3584,4.0
471,1129,4.0
471,201,4.0
471,3730,4.5
471,3731,4.0
471,5474,4.0
471,5475,4.0
471,5165,4.5
471,1982,4.0
471,5476,4.0
471,2608,4.5
471,1984,4.0
471,5477,4.0
471,5478,4.0
471,2779,4.5
471,2177,4.0
471,4023,4.5
471,5479,4.0
471,5480,4.0
471,5481,4.0
471,5482,4.0
471,5483,4.0
471,5484,4.0
471,5485,4.0
471,2178,4.0
471,1259,4.0
471,3586,5.0
471,1913,4.0
471,5486,4.0
471,492,5.0
471,1172,4.0
471,2781,4.5
471,1644,4.0
471,1914,4.0
471,5487,4.0
471,5488,4.0
471,5489,4.0
471,2179,4.5
471,2029,4.0
471,3476,4.0
471,3553,4.0
471,2180,4.0
471,744,4.5
471,2784,4.5
471,5490,4.0
471,1043,4.5
471,5491,4.0
471,1260,4.5
471,5492,4.0
471,1992,4.0
471,5493,4.0
471,2032,4.0
471,5494,4.5
471,5495,4.0
471,3554,4.0
471,5496,4.0
471,3922,4.0
471,1564,4.0
471,5497,4.0
471,5498,4.0
471,5499,4.0
471,4029,4.0
471,1994,4.0
471,5500,4.0
471,4863,4.0
471,4573,4.0
471,3517,4.0
471,3816,4.0
471,1645,4.0
471,4239,4.0
471,5501,4.0
471,5502,4.0
471,5503,4.0
471,5504,4.0
471,494,4.0
471,1069,4.0
471,5505,5.0
471,5506,4.0
471,5236,4.0
471,5507,4.0
471,986,4.0
471,4240,4.0
471,987,5.0
471,1919,4.0
471,5508,4.0
471,5509,4.0
471,1646,4.0
471,5510,4.0
471,5511,4.0
471,3819,4.0
471,1920,4.0
471,496,5.0
471,2789,4.0
471,1922,4.0
471,5512,4.0
471,1647,4.0
471,5513,4.0
471,3410,4.0
471,1648,4.0
471,5514,4.0
471,4208,4.0
471,1773,4.0
471,5515,4.0
471,499,4.0
471,748,4.0
471,2185,4.0
471,749,4.0
471,501,4.0
471,2036,4.0
471,5516,4.0
471,4144,4.0
471,4031,4.0
471,5517,4.0
471,5518,4.0
471,5519,4.0
471,5520,4.0
471,5521,4.5
471,3821,4.5
471,4033,4.0
471,5522,4.0
471,5523,4.0
471,5524,4.5
471,4995,4.0
471,5525,4.0
471,3858,4.0
471,4502,4.5
471,2800,4.0
471,2037,4.0
471,5526,4.0
471,5527,4.0
471,4038,4.0
471,2807,4.0
471,5528,4.5
471,751,4.0
471,4039,4.0
471,1140,4.0
471,1141,4.5
471,752,4.0
471,753,4.0
471,5529,4.5
471,4375,4.5
471,5179,4.5
471,5530,4.0
471,5531,4.0
471,4040,4.0
471,697,4.0
471,5532,4.0
471,5371,4.5
471,5533,4.0
471,1310,4.0
471,626,4.5
471,1142,4.0
471,5534,4.0
471,1143,4.5
471,2702,4.0
471,5372,4.0
471,2041,4.0
471,3308,4.0
471,755,4.0
471,756,4.0
471,757,4.5
471,758,4.5
471,4791,4.0
471,1650,4.0
471,5184,4.0
471,2189,4.0
471,3837,4.0
471,4784,4.0
471,994,5.0
471,541,4.0
471,5186,4.0
471,1779,4.5
471,2190,4.0
471,504,4.0
471,5535,4.0
471,4378,4.0
471,4946,5.0
471,760,4.0
471,1146,4.0
471,2045,4.5
471,5536,4.0
471,4067,4.0
471,3879,4.5
471,505,4.5
471,3566,4.0
471,2049,4.0
471,3596,4.0
471,3999,4.0
471,1077,4.0
471,1554,4.0
471,2192,4.0
471,203,4.0
471,5537,4.0
471,2193,4.0
471,5538,4.0
471,1175,4.0
471,628,4.0
471,5539,4.0
471,5540,4.0
471,2194,4.5
471,2054,4.0
471,2056,4.0
471,5541,4.0
471,767,4.0
471,5542,4.0
471,2058,4.0
471,2196,4.0
471,2197,4.0
471,4803,4.0
471,1655,4.5
471,2062,4.0
471,5543,4.0
471,770,4.0
471,5544,4.5
471,3981,4.0
471,3885,4.0
471,781,4.5
472,344,4.5
472,1475,4.0
472,460,4.5
472,13,5.0
472,403,5.0
472,413,4.5
472,18,5.0
472,1771,4.5
472,246,5.0
472,571,5.0
472,27,5.0
472,1188,4.0
472,1346,4.5
472,56,5.0
472,58,5.0
472,61,5.0
472,68,4.5
472,71,5.0
472,75,5.0
472,710,5.0
472,712,4.5
472,864,5.0
472,958,5.0
472,1490,4.5
472,1235,5.0
472,1246,4.5
472,619,5.0
472,98,5.0
472,112,5.0
472,125,4.5
472,139,4.5
472,1248,5.0
472,151,5.0
472,187,5.0
472,1249,4.0
472,1412,4.0
472,601,4.5
472,196,5.0
472,5343,4.5
472,3791,4.5
472,475,4.5
472,2771,4.5
472,3579,4.5
472,1251,4.0
472,1515,4.5
472,476,5.0
472,1252,5.0
472,2265,4.0
472,477,4.5
472,329,5.0
472,479,5.0
472,518,4.5
472,730,5.0
472,947,5.0
472,731,4.5
472,979,4.5
472,482,5.0
472,483,4.5
472,484,5.0
472,487,4.0
472,488,4.5
472,5160,4.5
472,489,4.5
472,2277,4.0
472,982,4.5
472,492,5.0
472,743,4.0
472,986,4.5
472,987,4.5
472,1553,4.5
472,496,4.5
472,989,4.5
472,747,4.0
472,501,4.5
472,5545,4.5
472,697,5.0
472,539,4.5
472,1659,4.0
472,626,4.5
472,540,4.5
472,4760,4.0
472,596,4.5
472,994,5.0
472,1779,5.0
472,2817,4.0
472,505,4.0
472,764,4.5
472,676,4.5
472,1784,4.5
472,1655,4.5
472,769,4.5
472,2738,5.0
472,1151,4.5
472,4008,4.5
472,777,4.0
472,1787,4.0
472,1001,4.0
472,778,4.0
472,2665,4.5
472,1657,4.5
472,698,4.0
472,5546,4.0
472,1003,5.0
472,1080,5.0
472,4091,5.0
472,789,4.5
472,795,4.0
472,1798,5.0
472,4154,4.0
472,1801,5.0
472,1008,5.0
472,802,4.5
472,803,4.0
472,805,4.0
472,551,4.0
472,552,5.0
472,635,4.5
472,2105,4.0
472,3222,4.5
472,817,4.5
472,638,4.0
472,820,4.5
472,639,4.0
472,823,4.5
472,825,4.5
472,826,4.5
472,1185,4.0
472,1825,4.5
472,215,4.5
472,641,4.5
472,1826,4.0
472,1186,5.0
472,1025,4.5
472,4198,4.0
472,1334,4.0
472,1028,4.5
472,645,4.0
473,0,4.0
473,344,4.0
473,354,4.0
473,333,4.0
473,895,4.0
473,3172,4.0
473,373,4.0
473,1270,4.0
473,235,4.0
473,1200,4.0
473,388,4.0
473,337,5.0
473,1265,4.0
473,5547,4.0
473,398,4.0
473,402,5.0
473,404,4.0
473,405,4.0
473,16,5.0
473,512,4.0
473,17,5.0
473,413,4.0
473,611,4.0
473,5254,4.0
473,422,4.0
473,20,5.0
473,340,4.0
473,21,4.0
473,341,4.0
473,614,4.0
473,433,4.0
473,246,5.0
473,571,5.0
473,26,5.0
473,27,4.0
473,342,4.0
473,343,5.0
473,29,5.0
474,0,4.0
474,344,4.0
474,352,4.0
474,354,4.5
474,333,4.0
474,3,4.0
474,362,4.0
474,368,4.0
474,373,4.0
474,234,4.0
474,1448,4.0
474,10,4.0
474,513,4.0
474,388,4.0
474,13,4.5
474,339,4.5
474,402,5.0
474,403,4.0
474,404,4.0
474,241,4.0
474,16,5.0
474,413,4.0
474,242,4.0
474,1692,4.0
474,19,4.0
474,20,5.0
474,21,4.0
474,22,4.5
474,648,5.0
474,571,5.0
474,28,5.0
474,30,4.5
474,438,4.5
474,31,4.0
474,1269,4.0
474,441,4.0
474,1573,4.0
474,32,4.0
474,1050,4.5
474,650,5.0
474,463,5.0
474,444,4.0
474,2747,4.0
474,254,4.0
474,514,4.5
474,35,4.0
474,464,4.5
474,679,4.5
474,5048,5.0
474,49,4.0
474,50,4.0
474,53,4.5
474,1349,4.0
474,55,4.5
474,653,4.5
474,654,4.5
474,56,5.0
474,58,4.0
474,655,4.5
474,267,4.0
474,1163,4.0
474,656,4.0
474,60,5.0
474,61,4.5
474,63,4.5
474,268,4.0
474,65,5.0
474,657,5.0
474,269,4.0
474,683,4.0
474,68,4.0
474,709,4.5
474,660,4.5
474,2112,4.0
474,685,4.5
474,271,4.0
474,70,4.0
474,71,4.5
474,2310,4.5
474,1055,5.0
474,664,4.0
474,73,4.0
474,75,4.0
474,1700,4.5
474,1190,4.0
474,3571,4.0
474,710,4.0
474,587,4.0
474,572,4.0
474,1275,4.0
474,3859,4.5
474,1276,4.0
474,275,4.0
474,864,4.0
474,958,4.0
474,466,4.0
474,1585,4.0
474,1235,4.5
474,5027,4.0
474,1586,4.5
474,2003,4.0
474,2005,4.0
474,5325,4.0
474,1365,4.5
474,2148,4.0
474,1493,4.5
474,5424,4.0
474,1111,4.0
474,93,4.0
474,1168,4.0
474,1032,4.0
474,1033,4.5
474,285,4.0
474,97,4.0
474,1719,4.0
474,619,4.0
474,98,4.0
474,469,4.5
474,100,4.0
474,102,4.0
474,104,4.0
474,1494,4.0
474,3867,4.0
474,908,4.0
474,5548,4.0
474,112,4.0
474,113,4.0
474,2578,4.0
474,120,4.0
474,3777,4.0
474,218,5.0
474,2655,4.0
474,1371,4.0
474,517,4.0
474,1373,4.0
474,1600,4.5
474,716,4.5
474,125,4.5
474,1603,4.0
474,128,4.5
474,3511,4.0
474,718,4.0
474,961,4.0
474,1605,4.0
474,133,4.0
474,136,4.5
474,139,4.0
474,297,4.0
474,143,4.0
474,1609,4.0
474,149,4.5
474,592,4.0
474,151,4.0
474,152,4.0
474,299,4.0
474,300,4.0
474,153,4.5
474,918,4.0
474,4257,4.5
474,155,4.5
474,879,4.0
474,165,4.0
474,168,4.0
474,666,5.0
474,3901,4.0
474,1734,4.0
474,3457,4.0
474,308,4.0
474,886,4.5
474,176,4.5
474,1508,4.0
474,721,4.5
474,599,4.0
474,1266,5.0
474,1170,4.0
474,889,5.0
474,1736,4.0
474,925,4.0
474,183,4.0
474,722,4.0
474,890,4.0
474,2326,4.5
474,186,4.0
474,1411,5.0
474,1890,4.0
474,190,4.5
474,5549,4.0
474,927,4.0
474,196,4.0
474,602,4.0
474,197,4.0
474,1747,4.0
474,972,4.0
474,317,4.0
474,1627,5.0
474,930,4.0
474,4060,4.0
474,670,4.0
474,475,4.0
474,5550,5.0
474,975,4.0
474,1965,4.0
474,4107,4.0
474,692,4.0
474,3209,4.0
474,2597,4.0
474,5551,4.0
474,1516,4.0
474,4533,4.0
474,3694,4.0
474,2699,4.0
474,2109,4.0
474,1124,5.0
474,671,4.5
474,939,4.5
474,479,4.5
474,199,5.0
474,5552,4.0
474,1899,4.5
474,5553,4.0
474,730,4.0
474,947,4.0
474,948,4.0
474,2023,4.0
474,481,4.0
474,2269,4.0
474,732,4.0
474,482,4.0
474,1041,4.0
474,1074,4.5
474,3003,4.5
474,524,4.0
474,1552,4.0
474,3920,4.0
474,3004,4.0
474,484,4.0
474,525,4.0
474,673,4.0
474,2603,4.5
474,3470,4.5
474,1639,4.0
474,487,4.0
474,694,4.5
474,1305,4.0
474,5299,4.5
474,1171,4.0
474,5160,4.0
474,5554,4.0
474,3726,5.0
474,3727,4.5
474,1042,4.0
474,740,4.0
474,1258,4.0
474,5555,4.0
474,695,4.5
474,742,4.0
474,492,4.0
474,5556,4.0
474,744,4.0
474,1991,4.5
474,3921,4.0
474,3517,4.0
474,2614,4.0
474,5557,4.0
474,5558,4.5
474,2226,4.0
474,4240,4.0
474,1919,4.5
474,988,4.0
474,1920,4.0
474,496,4.0
474,3556,4.5
474,1647,4.0
474,1648,5.0
474,1773,5.0
474,499,4.0
474,501,4.0
474,2800,4.5
474,3823,4.5
474,1569,4.5
474,674,5.0
474,1774,4.5
474,1776,4.0
474,1857,4.0
474,1141,4.0
474,697,5.0
474,1659,4.0
474,1777,5.0
474,2810,4.5
474,991,5.0
474,626,4.0
474,540,4.0
474,503,4.0
474,1143,4.0
474,1076,4.0
474,3427,4.5
474,757,4.0
474,4504,4.0
474,758,4.0
474,2189,4.5
474,1780,4.0
474,5559,4.5
474,760,4.5
474,2818,4.0
474,2050,4.5
474,1077,4.5
474,1663,4.0
474,3210,4.5
474,676,4.0
474,203,5.0
474,1175,4.5
474,628,4.5
474,4786,4.0
474,1667,4.5
474,767,4.0
474,1078,4.5
474,4905,5.0
474,5560,4.0
474,4147,4.5
474,5561,4.0
474,4602,4.0
474,2821,4.0
474,1530,4.0
474,3031,4.0
474,4509,4.0
474,1316,4.0
474,1671,5.0
474,5562,4.0
474,4839,4.5
474,3212,4.5
474,2285,4.5
474,2824,4.0
474,1151,4.0
474,2067,4.5
474,1656,4.0
474,4795,4.5
474,5563,4.0
474,1676,4.5
474,1152,4.5
474,775,5.0
474,204,4.5
474,5564,4.0
474,4796,4.5
474,777,4.5
474,1001,4.0
474,778,4.0
474,2665,4.0
474,677,5.0
474,1156,4.5
474,205,4.0
474,4909,4.0
474,1677,4.5
474,2132,4.5
474,4085,4.0
474,3250,5.0
474,2073,4.0
474,2074,4.5
474,781,5.0
474,1791,4.5
474,1177,4.5
474,698,4.5
474,1161,4.0
474,1680,4.5
474,630,5.0
474,2321,4.0
474,1080,4.5
474,5565,4.5
474,631,4.0
474,1682,4.5
474,2707,4.5
474,5566,4.5
474,789,4.0
474,207,5.0
474,5567,4.5
474,794,4.5
474,1863,4.5
474,795,4.0
474,5568,4.0
474,208,4.5
474,796,5.0
474,5569,5.0
475,407,4.5
475,48,4.0
475,626,4.0
475,993,4.0
475,540,4.5
476,1286,5.0
476,3887,4.0
476,13,4.0
476,4383,4.0
476,3007,4.0
476,2300,4.0
476,422,4.0
476,429,4.0
476,2301,5.0
476,28,4.0
476,436,4.0
476,853,4.0
476,449,5.0
476,615,4.0
476,251,4.0
476,253,5.0
476,255,5.0
476,1708,5.0
476,34,5.0
476,4516,4.0
476,42,4.0
476,902,4.0
476,58,4.0
476,64,5.0
476,1351,5.0
476,70,5.0
476,73,5.0
476,1190,4.0
476,1276,5.0
476,1359,4.0
476,1111,4.0
476,3574,5.0
476,2675,4.0
476,285,5.0
476,1112,4.0
476,906,4.0
476,908,4.0
476,3146,5.0
476,2006,4.0
476,3843,5.0
476,5570,4.0
476,1602,4.0
476,2693,4.0
476,873,4.0
476,138,4.0
476,296,5.0
476,297,4.0
476,298,5.0
476,150,5.0
476,5571,5.0
476,1886,4.0
476,884,5.0
476,1394,4.0
476,1116,4.0
476,5572,4.0
476,5086,5.0
476,2679,5.0
476,176,4.0
476,2012,4.0
476,5089,5.0
476,1120,4.0
476,1407,4.0
476,1170,4.0
476,889,4.0
476,891,5.0
476,1766,4.0
476,1888,4.0
476,1411,4.0
476,190,5.0
476,472,4.0
476,3989,4.0
476,325,4.0
476,1514,5.0
476,5573,4.0
476,1965,5.0
476,4107,4.0
476,938,4.0
476,477,5.0
476,939,5.0
476,480,5.0
476,2998,5.0
476,5574,4.0
476,4763,5.0
476,5136,4.0
476,4335,4.0
477,2,4.0
477,955,4.0
477,349,4.0
477,354,4.0
477,333,4.0
477,3,4.5
477,5,5.0
477,6,5.0
477,646,4.5
477,2294,4.0
477,1691,4.0
477,13,4.5
477,337,4.0
477,647,4.5
477,339,4.0
477,1265,4.5
477,400,4.0
477,402,5.0
477,404,4.0
477,241,5.0
477,16,5.0
477,18,4.0
477,19,5.0
477,21,5.0
477,427,4.0
477,428,4.0
477,22,5.0
477,648,4.0
477,25,4.0
477,1771,4.0
477,246,4.0
477,571,4.5
477,26,5.0
477,27,4.5
477,28,4.5
477,30,4.0
477,704,4.0
477,1188,4.5
477,615,5.0
477,34,5.0
477,35,5.0
477,1162,4.0
477,38,4.5
477,453,4.0
477,900,4.5
477,47,4.0
477,49,4.5
477,50,4.0
477,51,4.0
477,53,5.0
477,465,4.0
477,264,4.0
477,55,5.0
477,1713,4.5
477,56,5.0
477,57,4.5
477,58,5.0
477,616,4.0
477,267,5.0
477,59,4.0
477,656,4.0
477,60,4.0
477,62,4.0
477,63,5.0
477,682,5.0
477,269,5.0
477,658,5.0
477,1578,4.0
477,68,4.0
477,1164,4.0
477,709,5.0
477,659,4.0
477,69,4.0
477,1581,4.0
477,685,5.0
477,686,4.5
477,272,5.0
477,71,5.0
477,1055,4.0
477,274,4.0
477,75,5.0
477,1190,4.0
477,1583,4.5
477,1352,5.0
477,1206,4.0
477,1276,4.5
477,573,5.0
477,275,4.0
477,276,4.5
477,467,4.5
477,617,5.0
477,1233,4.5
477,1235,4.5
477,579,4.5
477,200,5.0
477,580,4.0
477,88,4.0
477,1111,4.5
477,584,4.0
477,94,4.5
477,3362,4.5
477,715,4.5
477,2115,5.0
477,1884,4.0
477,97,4.5
477,619,4.0
477,100,4.5
477,112,5.0
477,119,4.5
477,1597,4.5
477,123,4.0
477,1600,4.0
477,124,5.0
477,128,5.0
477,873,4.5
477,129,4.5
477,133,4.5
477,136,5.0
477,138,4.0
477,139,5.0
477,298,4.5
477,149,4.0
477,151,4.0
477,3655,4.0
477,299,4.0
477,1610,4.0
477,153,5.0
477,918,5.0
477,155,4.0
477,1886,4.0
477,879,4.0
477,163,4.5
477,3876,4.5
477,165,4.0
477,168,4.0
477,1729,4.5
477,1103,4.0
477,1952,4.0
477,174,4.5
477,1616,5.0
477,308,4.0
477,1400,4.5
477,176,4.5
477,311,4.0
477,721,4.5
477,1298,4.5
477,312,4.0
477,3495,4.0
477,1120,4.0
477,1283,4.0
477,182,4.0
477,1284,5.0
477,1411,4.0
477,187,4.5
477,5060,5.0
477,2765,5.0
477,196,4.0
477,3331,4.0
477,1622,5.0
477,929,4.0
477,3500,4.0
477,317,5.0
477,4561,4.0
477,1626,4.0
477,1627,4.5
477,319,4.0
477,1301,4.5
477,933,4.5
477,321,4.0
477,670,4.0
477,4838,4.0
477,1514,4.0
477,692,4.0
477,3016,5.0
477,5575,4.0
477,1894,4.0
477,1302,4.5
477,1634,4.5
477,1124,5.0
477,671,4.5
477,2281,4.0
477,939,5.0
477,480,4.0
477,1125,4.0
477,199,4.0
477,1073,4.0
477,4265,4.0
477,1897,4.0
477,1973,4.5
477,1521,4.0
477,730,4.0
477,1303,4.0
477,3706,4.0
477,521,4.0
477,1523,4.0
477,4251,4.0
477,3466,4.5
477,734,4.0
477,672,4.0
477,524,4.5
477,484,4.5
477,525,5.0
477,485,5.0
477,735,5.0
477,1904,4.0
477,487,4.0
477,5576,4.5
477,1171,4.0
477,2701,4.0
477,3726,4.0
477,739,4.5
477,1770,4.0
477,740,4.5
477,490,4.0
477,1129,4.0
477,741,4.5
477,201,4.0
477,4079,4.0
477,2177,5.0
477,742,4.5
477,492,4.0
477,1914,4.5
477,3239,4.0
477,744,4.5
477,1991,4.0
477,4789,4.0
477,1043,4.0
477,536,4.0
477,1645,4.0
477,4240,4.0
477,987,4.5
477,1919,4.0
477,1920,4.0
477,496,5.0
477,1772,4.5
477,3556,4.5
477,4143,4.0
477,1648,4.0
477,4007,4.5
477,749,4.0
477,2036,4.0
477,5577,4.0
477,3828,4.0
477,1140,4.0
477,752,4.0
477,1928,4.5
477,753,4.0
477,5578,4.0
477,1777,4.0
477,1778,5.0
477,1310,4.0
477,3833,4.0
477,626,4.0
477,1142,4.5
477,540,4.0
477,5579,4.0
477,2229,4.0
477,5580,4.0
477,4284,4.0
477,1143,4.0
477,1076,4.0
477,5581,4.0
477,5183,4.0
477,754,4.0
477,3427,4.0
477,5582,4.0
477,757,4.5
477,759,4.0
477,1650,4.0
477,5583,4.0
477,2042,4.0
477,1660,4.0
477,994,4.0
477,1312,4.0
477,1779,4.0
477,1780,4.0
477,3998,4.0
477,4378,4.0
477,1145,4.0
477,5584,4.0
477,5585,4.0
477,760,4.0
477,1146,4.0
477,761,4.0
477,763,4.5
477,3884,5.0
477,1313,5.0
477,1314,4.0
477,5586,4.5
477,202,5.0
477,1077,4.0
477,5279,4.0
477,1535,4.0
477,1663,4.5
477,5587,4.0
477,4904,4.0
477,1147,4.5
477,676,4.5
477,203,4.5
477,1175,4.5
477,628,4.5
477,507,4.0
477,508,4.5
477,5588,4.5
477,1149,4.5
477,1665,4.0
477,1667,4.0
477,1078,4.0
477,1654,4.5
478,1713,4.0
478,3358,4.0
478,578,4.0
478,84,5.0
478,5589,4.0
478,580,5.0
478,713,4.0
479,344,4.5
479,4,4.0
479,361,5.0
479,509,4.0
479,400,5.0
479,403,4.5
479,405,4.0
479,1342,4.0
479,1470,4.0
479,27,4.0
479,462,4.0
479,1548,4.0
479,444,4.5
479,1704,4.0
479,679,5.0
479,45,4.0
479,465,4.5
479,58,4.0
479,616,4.5
479,71,5.0
479,1352,4.0
479,712,5.0
479,80,4.0
479,864,5.0
479,82,4.0
479,467,4.0
479,584,4.0
479,285,4.0
479,1246,4.0
479,1496,4.0
479,119,4.0
479,125,4.0
479,4243,4.0
479,144,5.0
479,298,4.0
479,3169,4.0
479,153,4.0
479,2010,4.0
479,311,4.0
479,186,4.0
479,1299,4.0
479,2658,4.0
479,1251,4.0
479,3687,4.0
479,947,4.5
479,948,4.0
479,3920,4.5
479,489,4.0
479,1042,4.0
479,1979,4.0
479,982,4.0
479,5590,4.0
479,986,5.0
479,2226,4.5
479,987,5.0
479,495,4.0
479,496,5.0
479,989,4.5
479,747,4.0
479,749,4.0
479,501,5.0
479,990,4.0
479,1309,4.0
479,502,4.0
479,4439,4.5
479,1140,4.5
479,3417,4.0
479,2038,4.0
480,0,4.0
480,344,4.0
480,349,4.0
480,1469,4.0
480,353,4.0
480,1047,5.0
480,354,5.0
480,4,4.5
480,6,4.0
480,460,4.5
480,568,4.0
480,701,4.0
480,3485,4.0
480,384,4.0
480,13,4.5
480,647,4.0
480,339,5.0
480,401,4.5
480,402,5.0
480,1268,4.0
480,16,5.0
480,413,4.0
480,242,4.0
480,414,4.0
480,416,4.0
480,702,4.0
480,461,4.5
480,243,4.0
480,21,4.0
480,2565,4.5
480,1463,4.0
480,22,5.0
480,849,4.0
480,246,4.0
480,571,4.0
480,30,4.0
480,1548,4.0
480,31,4.0
480,1050,4.0
480,704,4.5
480,1936,4.0
480,615,4.0
480,251,4.0
480,252,4.0
480,2748,5.0
480,255,4.5
480,256,4.0
480,257,4.0
480,1162,4.0
480,900,4.5
480,44,4.0
480,1226,4.0
480,49,5.0
480,55,4.5
480,2111,5.0
480,1051,4.0
480,56,4.5
480,57,5.0
480,58,4.0
480,655,5.0
480,616,4.5
480,681,5.0
480,267,5.0
480,61,4.5
480,63,4.0
480,1273,4.0
480,658,4.5
480,684,4.5
480,69,4.0
480,1096,5.0
480,70,5.0
480,272,4.5
480,71,4.5
480,73,4.0
480,1097,4.0
480,75,5.0
480,3208,4.0
480,1483,4.0
480,1358,4.5
480,865,4.0
480,2691,4.0
480,86,4.0
480,617,5.0
480,1233,4.0
480,200,4.5
480,87,5.0
480,1586,5.0
480,584,4.5
480,95,5.0
480,618,4.0
480,97,4.0
480,619,4.0
480,98,4.0
480,469,4.5
480,100,4.0
480,112,4.0
480,2006,4.0
480,119,4.0
480,120,4.5
480,688,4.0
480,1498,4.0
480,2221,4.0
480,123,4.0
480,1371,4.0
480,716,5.0
480,3881,4.0
480,913,4.5
480,718,4.0
480,1247,4.0
480,295,4.5
480,1115,4.0
480,138,5.0
480,139,4.5
480,2152,4.0
480,1380,4.0
480,150,4.0
480,877,5.0
480,3655,4.0
480,1610,4.5
480,300,4.0
480,153,4.0
480,3803,4.5
480,301,4.5
480,155,4.0
480,158,4.5
480,719,4.5
480,163,4.5
480,165,4.0
480,168,5.0
480,666,5.0
480,169,4.0
480,171,4.0
480,5591,4.5
480,720,4.0
480,667,4.5
480,1616,4.0
480,620,4.0
480,921,4.5
480,2689,5.0
480,721,4.0
480,1406,4.5
480,2761,4.0
480,312,5.0
480,184,4.0
480,185,4.5
480,622,4.0
480,5060,4.0
480,892,4.5
480,972,4.0
480,472,4.5
480,318,4.0
480,1627,4.5
480,319,4.5
480,605,4.0
480,2262,4.0
480,931,4.0
480,474,4.0
480,5592,5.0
480,1420,4.0
480,1123,4.0
480,670,4.0
480,325,4.0
480,475,4.0
480,1514,4.5
480,3686,4.5
480,476,4.0
480,1252,4.0
480,3334,5.0
480,625,5.0
480,1302,5.0
480,477,4.5
480,329,4.5
480,478,4.0
480,671,5.0
480,479,4.5
480,480,4.5
480,4711,4.0
480,3705,4.0
480,4215,4.5
480,730,4.5
480,731,4.5
480,481,4.5
480,5024,4.5
480,1522,5.0
480,482,5.0
480,1998,4.5
480,524,5.0
480,484,4.5
480,526,4.5
480,673,5.0
480,485,4.5
480,693,4.0
480,2603,4.5
480,5156,4.0
480,694,4.0
480,737,4.5
480,5159,5.0
480,489,4.0
480,1042,4.5
480,4979,5.0
480,740,4.5
480,1258,4.5
480,490,4.0
480,741,4.0
480,201,5.0
480,1982,4.0
480,1983,4.5
480,4162,4.0
480,1259,5.0
480,1854,4.5
480,742,5.0
480,492,4.0
480,5593,4.0
480,1308,4.0
480,744,5.0
480,1043,4.0
480,5302,4.0
480,5594,4.5
480,5558,4.0
480,986,4.0
480,987,5.0
480,988,4.0
480,537,4.0
480,2617,4.0
480,3819,5.0
480,1772,4.0
480,989,4.0
480,1647,5.0
480,497,4.0
480,1924,4.0
480,1648,4.5
480,1856,4.0
480,499,4.5
480,501,4.0
480,2036,4.0
480,4144,4.0
480,2792,4.5
480,5595,4.5
480,1261,4.0
480,2800,4.0
480,3823,4.5
480,2802,4.5
480,5596,4.5
480,1774,4.0
480,4035,4.0
480,2806,5.0
480,1857,4.5
480,1140,4.0
480,1141,4.0
480,752,4.0
480,3830,4.5
480,697,4.5
480,4591,4.5
480,1777,4.0
480,991,4.5
480,540,4.0
480,1143,4.5
480,4164,4.0
480,755,4.0
480,4504,4.5
480,759,5.0
480,5597,4.0
480,760,5.0
480,763,4.5
480,4903,4.0
480,1663,4.0
480,4146,4.5
480,1147,4.0
480,676,5.0
480,203,4.5
480,628,5.0
480,1315,5.0
480,1667,5.0
480,1078,4.0
480,4147,5.0
480,997,4.0
480,1150,5.0
480,5598,4.0
480,1655,4.5
480,2061,5.0
480,1316,4.0
480,1671,4.0
480,3212,4.0
480,3599,4.5
480,2067,5.0
480,3600,4.5
480,1656,4.5
480,774,4.0
480,2826,4.0
480,1152,4.5
480,775,4.5
480,204,4.0
480,1000,4.5
480,777,4.0
480,3214,5.0
480,778,4.0
480,677,5.0
480,1677,4.5
480,2132,4.5
480,2830,4.5
480,2072,4.0
480,1159,4.5
480,629,5.0
480,1079,4.0
480,3608,5.0
480,3253,5.0
480,1320,4.5
480,5308,4.0
480,781,4.0
480,783,4.5
480,206,4.0
480,545,5.0
480,1680,4.5
480,630,4.5
480,1003,4.0
480,2321,5.0
480,1321,5.0
480,1081,4.5
480,5599,4.5
480,789,4.5
480,790,4.5
480,4549,4.5
480,3045,4.0
480,5600,4.5
480,794,4.0
480,678,5.0
480,208,5.0
480,5601,4.0
480,5602,4.0
480,1796,4.5
480,699,4.0
480,1798,4.5
480,549,5.0
480,3955,4.0
480,1082,5.0
480,1178,4.5
480,5603,4.5
480,1008,4.5
480,3261,4.0
480,550,4.0
480,5604,5.0
480,803,4.0
480,1868,4.5
480,5605,4.0
480,4643,4.0
480,552,4.5
480,2421,4.0
480,2103,4.5
480,553,4.0
480,5606,5.0
480,554,4.0
480,5607,4.0
480,4184,4.0
480,3058,4.0
480,2866,4.5
480,1933,4.5
480,1326,4.5
480,634,5.0
480,811,4.5
480,812,5.0
480,5608,4.0
480,2258,4.5
480,1013,4.0
480,2876,4.5
480,1810,4.5
480,1016,4.0
480,4191,4.0
480,5609,4.0
480,636,5.0
480,3432,4.5
480,560,4.0
480,1328,4.5
480,1184,4.0
480,638,5.0
480,5610,4.5
480,820,4.0
481,0,4.5
481,585,4.5
481,3,4.0
481,895,4.5
481,5611,4.0
481,1702,4.5
481,3849,4.0
481,368,4.0
481,375,4.5
481,3006,4.5
481,701,4.0
481,1199,4.0
481,10,4.5
481,337,4.0
481,390,4.0
481,402,5.0
481,14,4.0
481,16,5.0
481,413,5.0
481,19,5.0
481,4360,4.0
481,21,4.0
481,849,4.0
481,1465,4.0
481,1876,4.0
481,1771,4.0
481,246,4.5
481,342,5.0
481,343,5.0
481,29,5.0
481,436,4.0
481,3405,4.0
481,32,4.5
481,447,4.5
481,854,4.0
481,34,5.0
481,35,4.5
481,5612,5.0
481,1093,4.0
481,899,4.5
481,41,5.0
481,42,5.0
481,44,5.0
481,1481,4.5
481,1226,4.5
481,48,4.0
481,262,4.0
481,50,4.0
481,62,4.5
481,1164,4.0
481,903,4.0
481,1486,4.0
481,1715,4.0
481,1488,4.5
481,4797,4.0
481,1235,4.0
481,1491,5.0
481,282,4.0
481,468,4.0
481,584,4.0
481,285,4.0
481,99,4.5
481,106,5.0
481,906,4.5
481,869,5.0
481,908,4.5
481,909,5.0
481,5613,4.5
481,2007,4.0
481,114,5.0
481,119,4.0
481,2654,4.0
481,123,4.5
481,5614,4.0
481,124,5.0
481,1374,4.0
481,136,4.5
481,590,4.0
481,592,4.0
481,963,4.0
481,1383,4.0
481,3015,4.0
481,299,4.5
481,155,4.5
481,163,5.0
481,170,4.5
481,1506,4.0
481,1399,4.5
481,176,4.0
481,1508,4.0
481,925,4.0
481,185,4.0
481,188,4.0
481,4827,4.0
481,197,4.0
481,2016,4.0
481,1036,4.0
481,1299,4.0
481,624,5.0
481,1250,4.0
481,2769,4.0
481,2262,4.5
481,322,4.5
481,1891,4.0
481,324,4.5
481,529,4.0
481,977,4.0
481,978,4.0
481,1516,4.0
481,5615,4.0
481,1302,4.5
481,3535,4.5
481,2281,5.0
481,2266,4.0
481,944,4.0
481,3018,4.0
481,3311,4.0
481,2022,4.0
481,5616,4.5
481,5617,4.0
481,1903,4.0
481,4130,4.0
481,1904,4.0
481,5618,4.0
481,1770,5.0
481,4268,4.0
481,741,4.0
481,201,4.5
481,1982,4.0
481,2028,4.0
481,742,4.5
481,1307,4.0
481,3476,4.5
481,2030,4.0
481,5619,4.5
481,1919,4.5
481,495,4.0
481,5620,4.0
481,1772,4.0
481,2033,4.0
481,1856,4.0
481,500,4.0
481,2038,4.0
481,5621,4.0
481,1777,4.5
481,1310,5.0
481,540,4.0
481,1311,4.0
481,5580,4.0
481,5622,4.5
481,1076,4.0
481,3024,4.0
481,5623,4.0
481,5624,4.0
481,3027,4.0
481,203,5.0
481,1149,4.5
481,4347,4.0
481,1315,5.0
481,1667,4.0
481,1668,4.0
481,1654,4.0
481,1530,4.5
481,1671,5.0
481,3033,4.5
481,205,4.5
481,1788,4.5
481,2073,4.0
481,5625,4.0
481,1680,4.0
481,2083,4.0
481,5626,5.0
481,1795,4.0
481,794,4.0
481,5627,4.0
481,5628,4.0
481,1684,5.0
481,5629,4.0
481,5267,4.0
481,2137,4.0
481,550,4.0
481,3618,4.0
481,5630,5.0
481,1180,4.5
482,955,4.0
482,373,5.0
482,1270,5.0
482,460,5.0
482,509,5.0
482,396,5.0
482,403,4.0
482,405,4.0
482,15,5.0
482,16,5.0
482,416,5.0
482,419,4.0
482,20,4.0
482,246,4.0
482,26,5.0
482,28,5.0
483,2,5.0
483,955,4.0
483,332,4.0
483,354,5.0
483,4121,4.0
483,363,5.0
483,6,5.0
483,369,5.0
483,373,5.0
483,1445,5.0
483,1270,5.0
483,9,4.0
483,1289,4.0
483,1448,4.0
483,511,4.0
483,608,5.0
483,396,4.0
483,647,5.0
483,339,5.0
483,402,5.0
483,403,5.0
483,15,4.0
483,409,5.0
483,16,5.0
483,415,4.0
483,20,5.0
483,340,5.0
483,21,5.0
483,1470,5.0
483,703,4.0
483,571,5.0
483,27,4.0
483,462,5.0
483,32,5.0
483,443,5.0
483,444,5.0
484,13,4.0
484,253,4.0
484,57,4.0
484,163,4.0
484,475,4.0
484,1124,4.0
484,479,4.0
484,484,4.0
484,492,4.0
484,744,4.0
484,1043,4.0
484,1648,4.0
484,501,4.0
484,674,5.0
484,1656,4.0
484,1319,4.0
484,549,4.0
484,638,4.0
484,826,4.5
485,0,4.5
485,350,5.0
485,334,4.5
485,1201,4.0
485,1048,4.5
485,402,5.0
485,20,4.0
485,22,5.0
485,28,4.5
485,343,4.5
485,30,4.5
485,649,4.5
485,851,5.0
485,650,4.5
485,449,5.0
485,250,4.5
485,251,5.0
485,253,5.0
485,255,5.0
485,256,4.5
485,257,4.5
485,1162,4.5
485,1711,4.0
485,49,4.5
485,1697,4.0
485,55,5.0
485,653,4.5
485,57,5.0
485,656,5.0
485,657,4.5
485,200,4.0
485,1757,4.5
485,287,4.0
485,716,4.5
485,293,4.0
485,299,5.0
485,879,4.0
485,3846,4.0
485,1851,5.0
485,471,4.0
485,888,4.0
485,1106,5.0
485,190,4.0
485,927,4.5
485,317,4.5
485,319,4.5
485,930,5.0
485,933,5.0
485,475,5.0
485,5350,5.0
485,3385,4.0
485,477,5.0
485,671,5.0
485,479,5.0
485,2998,4.0
485,2683,4.5
485,5023,4.5
485,484,5.0
485,735,4.5
485,737,5.0
485,1910,5.0
485,489,4.0
485,740,4.5
485,742,4.5
485,492,5.0
485,4242,4.0
485,986,5.0
485,987,5.0
485,501,4.0
485,1140,4.0
486,346,4.0
486,350,4.5
486,895,4.0
486,1749,4.5
486,6,4.5
486,336,4.0
486,511,4.0
486,337,4.0
486,647,4.5
486,339,4.0
486,1213,4.5
486,404,4.5
486,239,4.5
486,240,4.0
486,409,4.0
486,16,4.0
486,512,4.5
486,413,4.0
486,614,4.5
486,648,4.0
486,849,4.5
486,433,4.0
486,26,4.0
486,27,4.0
486,28,4.0
486,343,4.0
486,434,4.0
486,30,4.5
486,463,4.0
486,447,4.0
486,251,4.5
486,252,5.0
486,253,4.5
486,255,4.5
486,256,4.0
486,257,5.0
486,1708,5.0
486,3521,5.0
486,34,4.5
486,258,4.0
486,464,4.0
486,4384,4.5
486,2144,4.0
486,3771,4.0
486,3772,4.5
486,1162,4.0
486,3570,5.0
486,900,4.5
486,902,4.5
486,1878,5.0
486,53,4.0
486,2111,5.0
486,1577,4.0
486,58,4.0
486,616,4.0
486,681,4.0
486,63,4.0
486,269,4.0
486,707,4.5
486,709,4.0
486,1110,4.0
486,685,4.0
486,686,4.5
486,2310,4.5
486,75,4.0
486,1352,5.0
486,3571,4.0
486,3140,5.0
486,573,4.0
486,864,4.5
486,83,4.5
486,84,4.5
486,277,4.0
486,713,4.0
486,581,4.5
486,5413,4.0
486,1758,4.0
486,715,4.0
486,285,4.0
486,98,4.0
486,1112,4.0
486,112,4.0
486,119,4.5
486,123,4.0
486,716,4.0
486,3647,4.0
486,137,4.0
486,139,4.0
486,590,4.5
486,2152,4.0
486,914,4.0
486,149,4.0
486,151,4.0
486,1768,4.0
486,153,4.0
486,2633,4.5
486,155,4.0
486,1886,4.5
486,163,4.5
486,666,5.0
486,171,4.0
486,5016,4.5
486,1734,4.0
486,174,4.0
486,1616,4.5
486,1402,4.0
486,5631,4.0
486,2639,4.0
486,185,4.0
486,186,4.0
486,2767,4.5
486,317,4.0
486,1626,4.0
486,319,4.0
486,1891,4.0
486,670,4.5
486,1063,4.0
486,325,5.0
486,475,4.0
486,1514,4.0
486,5632,4.0
486,5633,4.5
486,5634,4.5
486,5635,4.0
486,2109,4.0
486,671,5.0
486,479,4.0
486,480,4.0
486,2998,4.5
486,1303,4.0
486,481,4.0
486,482,4.0
486,1041,4.0
486,4129,4.5
486,3003,4.0
486,3004,4.0
486,484,4.0
486,673,4.5
486,486,4.0
486,2727,4.0
486,737,4.0
486,201,5.0
486,531,4.5
486,1988,4.0
486,492,4.0
486,1308,4.0
486,744,4.5
486,1043,5.0
486,987,4.0
486,537,5.0
486,1772,4.0
486,1922,4.0
486,1648,4.5
486,2805,5.0
486,992,4.0
486,1931,4.5
486,755,4.0
486,5636,4.0
486,1650,4.5
486,1312,4.0
486,760,4.0
486,4131,4.5
486,5637,4.0
486,1313,4.0
486,1077,4.5
486,676,5.0
486,1175,4.0
486,542,4.5
486,5638,4.0
486,1667,4.5
486,767,4.0
486,1078,4.0
486,1152,4.5
486,204,4.0
486,777,4.5
486,677,4.0
486,1156,4.0
486,1677,4.0
486,2132,4.0
486,2074,4.5
486,1320,4.0
486,545,4.5
486,630,4.5
486,790,4.0
486,795,4.0
486,208,4.5
486,2136,5.0
486,549,4.0
486,5639,4.0
486,5640,4.0
486,801,4.0
486,5641,5.0
486,803,4.5
486,1805,5.0
486,5642,4.5
486,1806,4.0
486,556,4.0
486,811,4.0
487,235,4.0
487,339,4.0
487,1292,4.5
487,1213,4.5
487,1214,4.0
487,28,4.0
487,50,4.0
487,59,4.0
487,1556,4.5
487,139,4.0
487,149,4.0
487,1284,4.0
487,1892,4.5
487,670,4.0
487,671,4.0
487,1901,4.0
487,693,4.0
487,5472,4.5
487,744,4.0
487,2789,4.0
487,762,4.0
487,204,4.0
487,2074,4.0
487,630,4.0
487,678,4.0
487,208,4.0
487,699,4.0
487,2136,4.0
487,2851,4.0
487,211,4.0
487,2852,4.0
487,1804,4.0
487,1324,4.0
487,5200,4.0
488,401,4.0
488,16,4.5
488,18,4.5
488,1771,5.0
488,434,4.5
488,70,4.0
488,1359,5.0
488,1235,4.5
488,581,4.5
488,3433,4.0
488,470,4.0
488,151,4.0
488,2696,5.0
488,3526,4.5
488,1299,4.0
488,474,4.0
488,2017,4.0
488,329,5.0
488,518,4.5
488,483,5.0
488,1305,4.5
488,531,4.0
488,1308,4.0
488,1260,4.0
488,988,5.0
488,1776,4.0
488,2038,4.0
488,539,4.5
488,1311,4.0
488,994,5.0
488,2048,4.5
488,542,4.5
488,1315,4.0
488,1655,5.0
488,1316,4.0
488,2833,4.0
488,1790,5.0
488,2381,4.0
488,546,4.5
488,630,4.0
488,1003,5.0
488,1798,5.0
488,549,4.5
488,1008,5.0
488,3618,4.0
488,2101,5.0
488,2120,4.0
488,1016,4.0
488,559,4.5
488,213,4.5
488,1328,4.5
488,2474,4.0
488,567,4.0
488,3965,4.0
488,5643,4.0
489,0,4.0
489,1,4.0
489,3421,5.0
489,334,4.0
489,360,4.0
489,361,4.0
489,5004,5.0
489,1195,4.0
489,362,5.0
489,1443,4.0
489,1477,5.0
489,368,4.0
489,369,5.0
489,4122,4.0
489,13,4.0
489,5644,5.0
489,1470,4.0
489,438,4.0
489,439,5.0
489,462,4.0
489,1548,4.0
489,5645,4.0
489,5347,4.0
489,3405,5.0
489,5646,4.0
489,5647,4.0
489,32,5.0
489,443,4.0
489,1472,5.0
489,956,4.0
489,1694,4.0
489,1204,4.0
489,4737,5.0
489,1478,5.0
489,444,5.0
489,5249,5.0
489,1479,5.0
489,1704,5.0
489,1346,5.0
489,1936,4.0
489,446,4.0
489,1347,5.0
489,5648,4.0
489,1575,4.0
489,1480,5.0
489,5649,4.0
489,2624,4.0
489,3487,4.0
489,5650,5.0
489,217,4.0
489,3425,5.0
489,1695,4.0
489,5651,5.0
489,5652,5.0
489,5653,4.0
489,456,4.0
489,45,5.0
489,1712,5.0
489,46,5.0
489,457,4.0
489,1468,4.0
489,61,4.0
489,710,4.0
489,1193,4.0
489,1206,4.0
489,687,5.0
489,1485,5.0
489,1208,4.0
489,1486,4.0
489,4075,5.0
489,5654,4.0
489,1357,5.0
489,1359,5.0
489,2627,5.0
490,2,4.0
490,6,5.0
490,9,4.0
490,13,5.0
490,20,4.0
490,1703,4.0
490,571,4.0
490,27,4.0
490,32,4.0
490,615,5.0
490,5655,5.0
490,56,5.0
490,57,4.0
490,58,4.0
490,616,4.0
490,2216,4.0
490,682,5.0
490,65,4.0
490,68,4.0
490,72,5.0
490,82,4.0
490,583,4.0
490,94,5.0
490,96,4.0
490,469,4.0
490,100,4.0
490,1594,4.0
490,139,5.0
490,144,4.0
490,3350,4.0
490,164,4.0
490,2586,4.0
490,186,4.0
490,1512,4.0
490,319,5.0
490,1420,4.0
490,5656,5.0
490,5657,5.0
490,4875,5.0
490,2265,5.0
491,6,5.0
491,13,5.0
491,571,5.0
491,615,5.0
491,679,5.0
491,56,5.0
491,58,5.0
491,616,5.0
491,681,4.0
491,61,4.0
491,63,5.0
491,682,5.0
491,75,5.0
491,100,5.0
491,139,5.0
491,187,5.0
492,1475,4.5
492,4,4.0
492,368,4.5
492,371,4.0
492,373,4.5
492,10,4.0
492,513,4.0
492,11,4.0
492,401,4.5
492,402,5.0
492,1268,4.5
492,16,4.0
492,22,4.0
492,246,4.0
492,444,4.5
492,1188,4.0
492,615,4.5
492,1226,5.0
492,2111,5.0
492,654,5.0
492,60,4.5
492,709,5.0
492,659,5.0
492,271,4.5
492,686,4.0
492,70,4.0
492,2626,4.0
492,1359,4.5
492,80,5.0
492,578,4.0
492,84,4.5
492,1362,5.0
492,1235,4.5
492,200,5.0
492,580,5.0
492,87,5.0
492,88,4.0
492,468,5.0
492,100,4.5
492,122,4.5
492,717,4.5
492,2694,4.0
492,2695,4.0
492,1499,4.0
492,139,5.0
492,298,5.0
492,150,4.5
492,963,4.0
492,299,4.5
492,879,4.5
492,163,5.0
492,1121,4.5
492,187,5.0
492,1249,4.5
492,1036,5.0
492,1299,4.0
492,624,4.0
492,1301,4.5
492,324,4.5
492,725,4.5
492,1515,5.0
492,976,4.0
492,1253,4.0
492,3533,4.0
492,1894,5.0
492,1302,5.0
492,478,5.0
492,939,5.0
492,480,5.0
492,3018,5.0
492,2269,4.0
492,1902,5.0
492,525,4.5
492,1977,4.0
492,485,5.0
492,1305,4.0
492,741,4.5
492,201,5.0
492,1982,5.0
492,531,4.5
492,1911,5.0
492,4437,4.5
492,743,5.0
492,1915,4.5
492,744,4.5
492,1043,5.0
492,493,4.5
492,536,4.0
492,495,4.0
492,537,5.0
492,1772,5.0
492,3556,5.0
492,1856,5.0
492,502,4.5
492,675,5.0
492,1928,4.5
492,2207,4.5
492,1076,5.0
492,3176,4.0
492,761,4.5
492,4165,4.5
492,2048,5.0
492,1859,4.0
492,1313,4.0
492,996,4.5
492,627,4.5
492,203,5.0
492,1149,4.5
492,1315,4.5
492,3211,4.5
492,1654,4.5
492,999,4.0
492,1671,5.0
492,773,4.5
492,204,5.0
492,1786,4.0
492,1000,5.0
492,1154,4.0
492,1677,4.5
492,1159,5.0
492,544,4.0
492,629,4.5
492,782,5.0
492,206,4.5
492,1680,5.0
492,1681,4.5
492,1080,5.0
492,1081,4.5
492,1539,4.0
492,789,5.0
492,5658,5.0
492,207,4.5
492,3046,4.5
492,208,5.0
492,796,4.0
492,699,5.0
492,209,5.0
492,210,4.5
492,2135,4.0
492,2137,5.0
492,1178,4.5
492,1323,4.0
492,1008,5.0
492,3261,4.0
492,1804,5.0
492,803,4.0
492,212,5.0
492,805,4.5
492,1806,5.0
492,1870,5.0
492,2857,4.5
492,1807,5.0
492,2866,5.0
492,1326,5.0
492,1543,5.0
492,634,5.0
492,3620,5.0
492,1179,5.0
492,3271,4.5
492,812,5.0
492,2256,5.0
492,1016,4.5
492,1544,5.0
492,560,5.0
492,213,5.0
492,4192,4.5
492,1814,4.0
492,639,5.0
492,2891,5.0
492,2892,4.5
492,640,5.0
492,823,5.0
492,1822,4.5
492,1330,5.0
492,1185,4.5
492,1546,4.5
492,215,4.5
492,641,4.5
492,1186,5.0
492,2906,5.0
492,3284,4.0
492,642,5.0
492,1690,4.0
492,3744,4.5
492,1334,5.0
492,3204,4.0
492,5208,4.0
492,5659,5.0
492,1547,5.0
492,834,5.0
492,5390,5.0
492,836,5.0
493,615,5.0
493,253,5.0
493,256,4.5
493,682,4.0
493,479,4.0
493,484,4.0
493,492,4.0
493,5302,4.0
493,4081,4.0
493,204,4.5
493,1808,4.0
493,2880,4.5
493,819,4.0
494,1475,4.0
494,646,5.0
494,849,4.0
494,28,4.0
494,30,4.5
494,463,4.0
494,615,4.0
494,654,5.0
494,58,4.0
494,59,4.0
494,659,5.0
494,685,4.0
494,3641,4.0
494,716,4.5
494,124,5.0
494,299,5.0
494,155,4.0
494,163,4.0
494,744,5.0
494,204,4.0
494,545,5.0
494,1322,5.0
494,1325,5.0
494,638,5.0
494,2891,5.0
494,2892,4.0
494,214,5.0
495,346,4.0
495,361,5.0
495,368,5.0
495,6,5.0
495,373,5.0
495,1270,5.0
495,10,5.0
495,11,5.0
495,339,4.0
495,1265,4.0
495,402,5.0
495,14,5.0
495,405,5.0
495,15,5.0
495,16,5.0
495,413,5.0
495,422,5.0
495,20,5.0
495,21,4.0
495,1876,4.0
495,246,5.0
495,462,5.0
496,681,4.5
496,1849,5.0
496,64,5.0
496,269,5.0
496,1583,4.0
496,95,4.0
496,5660,4.0
496,1945,4.0
496,315,4.0
496,691,5.0
496,2589,5.0
496,1891,5.0
496,726,4.0
496,3691,5.0
496,4069,4.5
496,4081,4.0
496,5661,4.0
497,0,4.0
497,368,4.0
497,234,5.0
497,701,4.0
497,10,4.0
497,13,4.0
497,4842,4.0
497,16,4.0
497,420,4.0
497,21,4.0
497,23,4.0
497,246,4.0
497,343,4.0
497,247,4.0
497,851,4.0
497,653,4.0
497,1051,5.0
497,1273,4.0
497,1055,4.0
497,74,5.0
497,1357,4.0
497,958,4.0
497,277,4.0
497,1718,5.0
497,581,5.0
497,4303,4.0
497,285,4.0
497,3146,4.0
497,912,5.0
497,1242,4.0
497,138,5.0
497,297,4.0
497,150,5.0
497,963,4.0
497,155,5.0
497,165,4.0
497,168,5.0
497,471,5.0
497,885,4.0
497,1406,4.0
497,3495,5.0
497,1510,4.0
497,5092,4.0
497,927,4.0
497,2657,4.0
497,475,5.0
498,1,5.0
498,346,4.0
498,955,4.0
498,1469,5.0
498,367,4.0
498,370,5.0
498,1271,4.0
498,439,4.0
498,3558,4.0
498,443,5.0
498,4737,4.0
498,444,5.0
498,1347,4.0
499,402,5.0
499,1463,5.0
499,29,4.5
499,261,4.5
499,653,4.5
499,59,5.0
499,63,4.5
499,270,5.0
499,1549,4.0
499,517,5.0
499,144,5.0
499,917,5.0
499,171,4.0
499,174,5.0
499,3848,5.0
499,890,5.0
499,190,5.0
499,322,4.5
499,4271,4.5
500,2294,5.0
500,3006,4.5
500,339,5.0
500,402,4.0
500,1293,4.0
500,16,4.0
500,1693,4.0
500,22,4.0
500,30,4.0
500,615,4.5
500,464,4.0
500,679,4.5
500,50,4.5
500,654,4.0
500,267,4.0
500,59,4.0
500,656,4.0
500,62,5.0
500,682,4.0
500,271,5.0
500,3637,5.0
500,1589,4.0
500,3865,4.5
500,286,4.0
500,5078,4.0
500,139,4.5
500,155,4.0
500,5081,4.0
500,471,4.0
500,174,4.5
500,1764,4.0
500,670,4.0
500,1966,4.5
500,3209,4.0
500,4234,4.0
500,3738,5.0
500,5662,4.0
500,1857,4.0
500,676,4.0
500,203,4.0
500,206,4.5
500,2251,4.0
501,0,4.0
501,339,4.0
501,240,4.0
501,415,4.0
501,247,4.0
501,451,4.0
501,274,4.0
501,1352,4.5
501,1235,4.0
501,1757,4.0
501,285,4.0
501,2654,4.5
501,1600,4.0
501,125,4.0
501,470,4.0
501,4229,4.5
501,689,4.0
501,1952,4.0
501,5572,4.5
501,1284,4.5
501,1889,4.0
501,1122,4.0
501,317,4.0
501,1036,4.0
501,1301,4.0
501,933,4.0
501,321,4.0
501,322,4.5
501,325,4.0
501,475,4.5
501,3686,4.0
501,939,4.0
501,479,4.0
501,480,4.0
501,941,4.0
501,199,4.5
501,1303,4.0
501,2165,4.5
501,524,4.5
501,484,4.0
501,5663,4.0
501,485,4.0
501,737,4.0
501,2172,4.5
501,2701,4.5
501,1641,4.5
501,1042,4.5
501,741,5.0
501,4079,4.0
501,5664,4.0
501,5165,4.5
501,531,4.0
501,5665,4.0
501,3414,4.0
501,1913,4.5
501,532,4.5
501,5168,4.0
501,492,4.0
502,3,5.0
502,28,5.0
502,3773,5.0
502,899,4.0
502,42,5.0
502,1481,4.0
502,1273,4.0
502,2569,5.0
502,662,5.0
502,907,5.0
502,909,4.5
502,163,5.0
502,1764,4.0
502,2326,4.0
502,2592,4.5
502,670,5.0
502,1171,5.0
502,2605,5.0
502,1915,5.0
502,2610,5.0
502,1648,5.0
502,1682,4.0
503,585,5.0
503,962,5.0
503,757,4.0
503,759,4.5
503,596,4.0
503,2192,4.0
503,2059,4.0
503,1656,4.0
503,1045,4.0
503,1000,5.0
503,1319,5.0
503,3606,4.0
503,5666,4.0
503,2091,4.0
503,638,5.0
504,333,5.0
504,405,4.0
504,16,4.0
504,415,5.0
504,20,4.0
504,21,4.0
505,65,4.5
505,71,4.5
505,619,4.0
505,98,4.0
506,0,4.0
506,1475,4.0
506,354,4.0
506,585,4.0
506,13,4.0
506,390,4.5
506,1268,4.0
506,413,4.0
506,849,4.0
506,49,4.5
506,55,4.0
506,56,4.0
506,57,4.0
506,58,4.0
506,1579,4.0
506,2753,4.5
506,865,4.0
506,1235,4.0
506,528,4.0
506,1496,4.0
506,298,4.0
506,152,4.0
506,299,4.0
506,921,4.0
506,318,4.0
506,475,4.0
506,1124,4.0
506,671,4.0
506,479,5.0
506,5667,4.0
506,482,4.0
506,484,5.0
506,673,4.0
506,740,4.0
506,531,4.0
506,492,5.0
506,2282,4.0
506,986,4.0
506,1772,4.0
506,501,4.0
506,697,4.0
506,991,4.0
506,1858,4.0
506,596,4.0
506,760,4.0
506,676,4.0
506,5668,4.0
506,3214,4.0
506,1159,4.0
506,1320,4.0
506,781,4.5
506,2085,4.0
506,631,4.0
506,2707,4.0
506,5669,4.0
506,1683,4.5
506,4915,4.0
506,678,4.0
506,2091,4.0
506,5670,4.5
506,1684,4.0
506,5671,4.5
506,550,4.0
506,5672,4.0
506,803,4.5
506,5673,4.0
506,551,4.0
506,2251,4.0
506,5674,4.5
506,554,4.0
506,3058,4.5
506,1872,4.0
506,812,4.0
506,3934,4.0
506,560,4.5
506,1814,4.0
506,5675,4.0
506,1184,4.0
506,1689,4.5
506,823,4.0
506,1022,4.5
506,827,4.5
506,1826,4.0
506,5676,4.0
506,5677,4.0
506,4492,5.0
507,4,4.0
507,5,4.0
507,20,4.5
507,4296,4.0
507,463,4.5
507,615,4.5
507,2143,4.5
507,679,4.0
507,58,4.0
507,60,4.0
507,659,4.0
507,1274,4.5
507,685,4.0
507,1096,4.0
507,70,4.0
507,1589,4.5
507,128,4.5
507,297,4.0
507,300,4.0
507,1728,4.0
507,1953,4.0
507,1890,4.0
507,739,4.5
507,540,4.0
507,1076,4.5
508,402,5.0
508,16,4.5
508,22,5.0
508,58,5.0
508,617,4.0
508,716,4.5
508,139,5.0
508,143,4.0
508,163,5.0
508,2155,4.5
508,671,4.0
508,479,5.0
508,492,5.0
508,4786,4.0
508,3981,4.0
508,1785,4.0
508,3602,4.0
508,3214,4.0
508,545,4.5
508,208,5.0
508,803,4.5
508,2712,4.0
508,551,5.0
508,552,5.0
508,1010,4.0
508,1933,4.0
508,812,4.0
508,2716,4.0
508,638,4.5
508,3282,4.0
508,1822,4.0
508,825,4.5
508,828,4.0
508,215,4.0
508,1085,4.0
508,2141,4.0
508,642,4.0
508,1334,5.0
508,1029,4.0
509,354,5.0
509,585,4.0
509,3,5.0
509,4,5.0
509,6,5.0
509,373,4.0
509,7,5.0
509,375,4.0
509,1270,4.0
509,460,5.0
509,511,5.0
509,610,5.0
509,339,5.0
509,1265,4.0
509,402,5.0
509,16,5.0
509,413,4.0
509,415,4.0
509,422,4.0
509,20,5.0
509,340,4.0
509,21,4.0
509,22,5.0
509,433,4.0
509,28,5.0
509,343,4.0
509,434,4.0
510,354,4.0
510,6,4.0
510,373,4.5
510,12,4.5
510,13,5.0
510,339,4.5
510,402,5.0
510,20,4.5
510,28,4.0
510,463,5.0
510,258,5.0
510,35,4.0
510,61,4.0
510,64,4.0
510,269,5.0
510,1583,4.5
510,712,4.5
510,155,4.0
510,475,4.0
510,730,4.0
510,739,4.5
511,0,4.0
511,347,4.0
511,333,4.0
511,3,4.0
511,361,4.0
511,373,4.0
511,1270,4.0
511,233,4.0
511,13,5.0
511,339,4.0
511,16,4.0
511,413,4.0
511,420,4.0
511,20,4.0
511,340,4.0
511,21,4.5
511,246,4.0
511,571,4.0
511,28,5.0
511,343,4.0
511,29,4.0
511,30,4.0
511,462,4.0
511,34,4.5
511,899,4.0
511,679,4.0
511,858,4.0
511,50,4.0
511,51,4.0
511,53,4.5
511,1349,4.0
511,5678,4.0
511,55,4.0
511,265,4.0
511,654,4.0
511,56,5.0
511,57,5.0
511,58,5.0
511,616,5.0
511,656,4.0
511,61,4.0
511,62,4.5
511,63,4.0
511,684,4.5
511,68,4.0
511,685,4.0
511,271,4.5
511,70,4.0
511,272,4.0
511,71,5.0
511,73,4.0
511,274,4.0
511,75,4.0
511,1190,5.0
511,1352,4.5
511,2570,4.0
511,1881,4.0
511,1275,5.0
511,1206,4.0
511,1071,4.5
511,275,4.0
511,466,4.0
511,467,4.5
511,84,4.0
511,1233,4.5
511,516,4.0
511,1235,4.0
511,200,4.0
511,580,4.0
511,581,4.0
511,94,4.0
511,715,4.0
511,2115,4.0
511,285,4.0
511,1699,4.0
511,1277,4.0
511,1589,4.0
511,1884,4.0
511,100,4.0
511,106,4.0
511,869,4.0
511,909,4.0
511,109,4.0
511,5076,4.0
511,112,4.0
511,119,4.0
511,688,4.0
511,3843,4.0
511,121,4.5
511,218,4.0
511,2620,5.0
511,718,4.5
511,1605,4.0
511,139,4.0
511,3783,4.0
511,151,4.0
511,299,4.0
511,300,4.0
511,1386,4.0
511,153,4.0
511,918,4.0
511,155,4.0
511,2580,4.0
511,1393,4.0
511,879,4.0
511,164,4.0
511,1394,4.0
511,308,4.0
511,1507,4.0
511,1399,4.0
511,176,4.0
511,1120,4.0
511,1407,4.0
511,1283,4.0
511,1170,4.5
511,889,4.0
511,890,5.0
511,621,4.0
511,186,4.0
511,1411,4.0
511,190,4.0
511,192,4.5
511,194,4.0
511,972,4.0
511,1036,4.0
511,724,4.0
511,1891,4.0
511,325,4.0
511,475,4.0
511,1424,4.0
511,3686,4.5
511,1072,4.0
511,480,4.0
511,1303,4.5
511,1908,4.0
511,737,4.0
511,4019,4.0
511,739,4.0
511,531,4.5
511,1984,5.0
511,987,4.0
511,4502,5.0
511,4034,4.0
511,1174,4.0
511,1313,4.0
511,1315,4.0
511,4506,5.0
511,1671,4.0
511,2062,4.5
511,1674,4.0
511,1154,4.0
511,1658,4.0
511,206,4.0
511,698,4.0
511,1680,4.0
511,1681,4.0
511,1539,4.0
511,790,4.0
511,4805,4.5
511,207,4.0
511,1683,4.0
511,208,4.0
511,699,5.0
511,549,4.0
511,1540,4.0
511,700,4.5
511,1323,4.0
511,2100,4.0
511,2101,4.0
511,1804,4.5
511,3058,4.0
511,815,4.0
511,1016,4.0
511,213,4.0
511,819,4.0
511,638,4.0
511,214,4.5
511,1022,4.0
511,2140,4.0
511,1828,4.0
511,642,4.0
511,834,4.0
511,836,4.0
511,5679,4.0
511,3099,4.0
511,3967,4.0
511,5680,4.0
511,4206,4.0
511,5681,4.0
512,4,4.5
512,13,5.0
512,402,5.0
512,16,5.0
512,22,5.0
512,100,5.0
512,163,5.0
512,174,5.0
512,540,5.0
512,203,5.0
512,628,5.0
512,204,5.0
512,777,5.0
512,677,5.0
512,208,5.0
512,551,5.0
512,214,5.0
512,826,5.0
512,1085,5.0
512,830,5.0
512,1838,4.5
512,844,5.0
512,3756,4.0
512,4204,4.0
512,1086,5.0
512,3953,4.0
513,13,5.0
513,20,4.0
513,21,4.0
513,45,4.0
513,57,4.0
513,58,4.0
513,94,5.0
513,890,5.0
513,933,4.0
513,475,5.0
513,1425,4.0
513,4955,4.0
513,1426,4.0
513,4970,5.0
514,0,4.0
514,333,5.0
514,394,5.0
514,402,4.0
514,512,5.0
514,413,4.5
514,427,5.0
514,429,4.0
514,1771,5.0
514,433,4.0
514,343,4.0
514,436,5.0
514,251,4.5
514,252,4.5
514,255,4.0
514,256,4.0
514,257,4.5
514,3521,4.0
514,34,4.5
514,258,4.0
514,1162,4.5
514,900,5.0
514,42,4.0
514,44,4.0
514,901,5.0
514,53,5.0
514,1713,4.0
514,1096,4.0
514,71,5.0
514,74,5.0
514,1700,4.0
514,3208,5.0
514,277,4.5
514,619,4.0
514,98,4.5
514,99,4.0
514,106,5.0
514,906,4.0
514,869,4.0
514,908,4.0
514,909,4.0
514,109,4.0
514,2693,4.5
514,2620,4.5
514,1102,4.5
514,2696,5.0
514,3846,5.0
514,174,4.0
514,1402,4.0
514,2013,4.5
514,318,4.5
514,1301,4.0
514,475,4.0
514,329,4.0
514,941,5.0
514,199,4.0
514,483,4.0
514,737,4.0
514,531,5.0
514,987,4.5
514,5545,5.0
514,1779,5.0
514,2192,4.0
514,5682,4.0
514,2737,4.0
514,1787,4.0
514,1159,4.0
514,4086,4.0
514,5683,4.0
514,545,5.0
514,3216,4.0
514,4153,4.0
514,4408,4.5
514,2712,5.0
514,5684,4.0
514,553,4.5
514,5685,4.0
514,826,4.0
514,4200,5.0
515,1273,4.0
515,72,4.0
515,664,4.5
515,862,4.0
515,1718,4.0
515,1098,4.5
515,2654,5.0
515,125,4.0
515,914,4.5
515,317,4.5
515,1639,4.5
515,487,4.5
515,488,4.0
515,737,5.0
516,402,5.0
516,16,5.0
516,200,5.0
516,124,5.0
516,314,5.0
516,1299,4.0
516,2017,5.0
516,478,4.0
516,485,4.0
516,1254,4.0
516,493,5.0
516,1311,4.0
516,2233,5.0
516,1656,4.0
516,1154,5.0
516,1680,5.0
516,789,4.0
516,550,5.0
516,1016,5.0
516,3287,4.0
516,567,4.0
517,955,4.0
517,511,4.0
517,400,4.0
517,402,5.0
517,14,4.0
517,2719,5.0
517,2565,4.0
517,1463,4.0
517,648,5.0
517,849,4.5
517,1771,4.0
517,571,4.5
517,463,5.0
517,1091,4.0
517,49,4.0
517,55,5.0
517,57,5.0
517,58,5.0
517,616,5.0
517,63,5.0
517,1273,5.0
517,684,5.0
517,68,4.0
517,270,4.0
517,70,5.0
517,71,5.0
517,73,5.0
517,2753,4.5
517,75,4.0
517,1582,4.0
517,710,5.0
517,572,4.5
517,1359,4.0
517,1715,4.0
517,958,5.0
517,467,4.0
517,86,4.0
517,1235,4.5
517,1586,4.5
517,2631,4.0
517,1236,4.0
517,2150,5.0
517,619,4.0
517,98,4.0
517,588,4.0
517,118,4.5
517,688,4.0
517,1600,4.0
517,1603,4.0
517,5686,4.0
517,129,4.5
517,874,5.0
517,133,4.0
517,1500,4.0
517,136,4.0
517,1502,4.0
517,138,4.0
517,139,5.0
517,1248,5.0
517,151,4.0
517,877,4.5
517,300,4.0
517,158,5.0
517,879,4.0
517,168,4.0
517,666,4.0
517,689,5.0
517,720,4.0
517,174,4.0
517,885,4.0
517,314,4.0
517,722,4.0
517,3848,4.0
517,622,4.0
517,4014,4.0
517,892,5.0
517,927,4.0
517,196,4.0
517,1299,4.0
517,605,4.5
517,933,5.0
517,1420,5.0
517,475,4.0
517,476,4.0
517,529,4.0
517,5687,4.0
517,2698,4.0
517,477,4.0
517,671,5.0
517,939,4.0
517,479,4.0
517,480,4.0
517,728,5.0
517,1973,4.0
517,730,4.0
517,979,4.0
517,482,4.0
517,1984,4.0
517,5688,5.0
517,5689,4.0
517,742,4.0
517,492,4.0
517,5690,4.0
517,5172,4.0
517,1991,4.0
517,989,4.0
517,501,4.0
517,990,4.0
517,5691,4.5
517,991,4.0
517,2229,5.0
517,1143,5.0
517,777,5.0
517,778,4.0
517,677,4.5
517,5692,4.5
517,781,5.0
517,206,4.5
517,789,4.5
517,790,5.0
517,549,5.0
518,2,4.0
518,2288,4.0
518,1469,4.0
518,607,5.0
518,334,4.0
518,356,4.0
518,2290,4.0
518,335,4.0
518,1443,4.0
518,363,4.0
518,30,5.0
518,1877,4.0
518,462,4.0
518,31,4.0
518,247,4.0
518,32,4.0
518,443,4.0
518,444,4.0
518,446,4.0
518,1347,4.0
518,854,4.0
518,48,4.0
519,955,4.5
519,4,4.5
519,6,4.0
519,701,4.5
519,513,5.0
519,13,5.0
519,339,5.0
519,402,5.0
519,403,4.5
519,18,4.0
519,246,4.0
519,704,4.0
519,615,4.5
519,679,4.0
519,50,4.0
519,55,4.5
519,654,4.0
519,56,4.5
519,57,4.5
519,616,4.5
519,61,4.0
519,63,5.0
519,64,4.0
519,682,4.0
519,684,4.5
519,70,4.5
519,71,5.0
519,75,4.5
519,710,4.5
519,711,4.0
519,862,4.0
519,1353,4.0
519,712,4.5
519,1206,4.0
519,79,4.5
519,958,4.0
519,598,4.5
519,1362,4.5
519,200,4.5
519,87,4.5
519,581,4.0
519,100,5.0
519,111,4.5
519,124,4.5
519,4243,4.0
519,136,4.5
519,138,4.5
519,139,4.0
519,150,4.5
519,155,5.0
519,1886,4.5
519,879,4.5
519,163,4.0
519,168,4.5
519,171,4.5
519,5693,4.0
519,187,4.0
519,605,4.0
519,933,4.0
519,1124,4.0
519,478,4.5
519,732,4.0
519,3920,4.0
519,693,4.5
519,2603,4.0
519,1254,4.0
519,489,5.0
519,744,4.0
519,1648,4.0
519,1138,4.0
519,5694,4.0
519,674,5.0
519,540,4.0
519,1143,4.0
519,759,4.0
519,4593,5.0
519,760,4.5
519,1146,4.0
519,761,4.5
519,763,4.5
519,203,5.0
519,508,5.0
519,1667,4.0
519,1044,4.5
519,2826,5.0
519,4003,4.5
519,204,5.0
519,777,4.0
519,1156,5.0
519,2830,5.0
519,1679,4.5
519,5695,4.0
519,5195,4.0
519,781,4.5
519,782,4.0
519,206,4.5
519,4913,4.5
519,1680,4.0
519,1080,4.5
519,1682,4.0
519,5696,4.5
519,1863,4.0
519,795,4.0
519,5697,4.5
519,4168,4.5
519,208,5.0
519,796,5.0
519,699,4.5
519,2136,4.5
519,549,5.0
519,1540,4.0
519,700,4.5
519,4154,5.0
519,1800,4.0
519,211,5.0
519,2852,5.0
519,2099,5.0
519,1178,4.5
519,1008,4.0
519,1804,4.0
519,803,5.0
519,551,4.0
519,1806,5.0
519,1870,5.0
519,2857,4.5
519,556,4.5
519,812,5.0
519,814,4.5
519,1874,5.0
519,1816,5.0
519,823,5.0
519,2906,5.0
520,344,4.5
520,647,5.0
520,401,4.0
520,402,5.0
520,16,4.5
520,413,5.0
520,18,4.5
520,22,4.5
520,433,4.5
520,342,4.0
520,1359,4.5
520,200,5.0
520,580,5.0
520,163,4.5
520,174,5.0
520,187,5.0
520,624,4.5
520,930,5.0
520,2658,4.5
520,671,5.0
520,479,5.0
520,480,5.0
520,2023,4.0
520,482,5.0
520,484,5.0
520,673,5.0
520,485,5.0
520,694,4.0
520,489,4.5
520,491,5.0
520,742,5.0
520,492,5.0
520,744,5.0
520,2228,5.0
520,2036,5.0
520,3823,4.5
520,2802,4.5
520,5526,4.0
520,697,5.0
520,1659,5.0
520,992,4.5
520,755,5.0
520,764,4.5
520,1663,5.0
520,1784,4.5
520,4839,5.0
520,1151,5.0
520,1656,4.0
520,774,5.0
520,2826,5.0
520,204,5.0
520,3250,5.0
520,3608,5.0
520,207,5.0
520,1683,5.0
520,4408,4.5
520,551,5.0
520,552,4.0
520,554,4.5
520,2872,5.0
520,2873,5.0
520,1014,4.0
520,816,5.0
520,5698,5.0
520,213,5.0
520,826,5.0
520,5699,5.0
520,1186,5.0
520,2905,4.0
520,837,5.0
520,1028,4.5
520,844,5.0
521,0,4.0
521,2,4.0
521,955,4.0
521,3,5.0
521,367,4.0
521,373,5.0
521,7,5.0
521,1270,5.0
521,12,4.0
521,13,5.0
521,15,5.0
521,18,5.0
521,415,5.0
521,416,4.0
521,20,5.0
521,340,4.0
521,21,4.0
521,2565,4.0
521,1470,5.0
521,648,5.0
521,24,4.0
521,25,4.0
521,433,4.0
521,246,4.0
521,571,5.0
521,28,4.0
521,32,4.0
521,1694,4.0
521,1347,4.0
521,1480,4.0
521,464,4.0
521,1712,4.0
521,46,4.0
521,55,5.0
521,56,5.0
521,57,5.0
521,58,5.0
521,616,5.0
521,681,4.0
521,60,4.0
521,269,5.0
521,1351,4.0
521,1053,5.0
521,684,4.0
521,68,4.0
521,1164,5.0
521,270,4.0
521,272,5.0
521,71,5.0
521,1165,4.0
521,72,5.0
521,73,5.0
521,75,5.0
521,1166,5.0
521,710,4.0
521,712,5.0
521,863,4.0
521,2573,4.0
521,469,4.0
522,0,4.0
522,585,4.5
522,4,4.5
522,373,4.0
522,384,4.0
522,13,4.0
522,647,4.0
522,402,4.5
522,16,4.0
522,413,4.0
522,416,4.5
522,21,4.0
522,1463,4.5
522,22,4.0
522,849,4.0
522,434,4.0
522,30,4.5
522,32,4.0
522,251,4.5
522,252,4.0
522,257,4.0
522,1696,4.0
522,900,4.5
522,901,4.5
522,679,4.5
522,858,4.5
522,49,4.5
522,902,4.5
522,55,4.5
522,56,4.5
522,57,4.5
522,58,4.0
522,61,4.0
522,64,4.0
522,709,4.5
522,271,4.0
522,70,4.0
522,71,4.0
522,274,4.0
522,903,4.5
522,1276,4.0
522,864,4.5
522,1488,4.0
522,1235,4.5
522,285,4.5
522,106,4.0
522,907,4.5
522,109,4.0
522,1099,4.0
522,2008,4.0
522,123,4.0
522,716,4.0
522,873,4.0
522,2620,4.5
522,129,4.0
522,136,4.5
522,139,4.0
522,590,4.0
522,914,4.5
522,151,4.0
522,1610,4.0
522,155,4.0
522,879,4.5
522,160,4.0
522,165,4.0
522,168,4.5
522,666,4.0
522,169,4.0
522,170,4.0
522,171,4.5
522,471,4.0
522,889,4.0
522,1284,4.0
522,4104,4.0
522,1889,4.5
522,190,4.0
522,317,4.5
522,1036,4.5
522,473,4.5
522,624,4.0
522,319,4.5
522,930,4.0
522,931,4.0
522,2017,4.0
522,670,4.0
522,1513,4.0
522,1514,4.0
522,529,4.5
522,3691,4.0
522,625,4.0
522,1516,4.0
522,1302,4.0
522,1124,4.0
522,478,4.5
522,671,4.5
522,939,4.5
522,941,4.5
522,1073,4.0
522,482,4.5
522,1041,4.0
522,1552,4.0
522,673,4.0
522,486,4.5
522,1908,4.0
522,1909,4.5
522,737,4.5
522,1254,4.0
522,1910,4.0
522,489,4.5
522,1042,4.0
522,1065,4.0
522,740,4.0
522,201,4.5
522,1982,4.0
522,531,4.5
522,1259,4.5
522,2031,4.0
522,1043,4.0
522,1260,4.5
522,5700,4.0
522,4240,4.5
522,987,4.5
522,1070,4.5
522,1919,4.0
522,1647,4.0
522,1648,4.5
522,4007,4.5
522,4144,4.5
522,2800,4.0
522,674,4.0
522,751,4.0
522,697,4.0
522,991,4.0
522,1310,4.0
522,993,4.5
522,1143,4.0
522,757,4.0
522,596,4.5
522,504,4.0
522,5597,4.0
522,1146,4.0
522,761,4.5
522,762,4.5
522,2048,4.0
522,3566,4.0
522,1313,4.5
522,2052,4.0
522,676,4.0
522,1175,4.0
522,628,4.0
522,2660,4.0
522,1150,4.0
522,1655,4.0
522,2621,4.0
522,1656,4.5
522,5701,4.0
522,204,4.0
522,1000,4.0
522,3982,4.0
522,1319,4.0
522,1177,4.5
522,630,4.0
522,1003,4.0
522,1080,4.0
522,3918,4.0
522,2707,4.5
522,1683,4.0
522,208,4.0
522,796,4.5
522,699,4.0
522,2091,4.5
522,2136,4.0
522,1798,4.0
522,549,4.0
522,550,4.0
522,2101,4.0
522,803,4.5
522,1180,4.0
522,1686,4.5
522,2857,4.5
522,554,4.0
522,556,4.0
522,3058,4.0
522,1807,4.0
522,2866,4.0
522,5235,4.5
522,1326,4.0
522,1808,4.0
522,815,4.0
522,5385,4.0
522,3221,4.0
522,5702,4.0
522,3934,4.0
522,5703,4.0
522,819,4.0
522,638,4.0
522,1816,4.0
522,639,4.5
522,823,4.5
522,826,4.0
522,828,4.5
522,5704,4.0
522,215,4.5
522,641,4.0
522,642,4.0
522,643,4.0
522,3940,4.5
522,4209,4.5
522,5705,4.0
522,3948,4.0
522,2950,4.5
523,235,5.0
523,339,4.0
523,402,4.0
523,28,4.0
523,30,4.5
523,704,4.0
523,1849,4.0
523,269,4.0
523,709,4.5
523,2312,4.0
523,87,4.5
523,715,4.0
523,716,5.0
523,1375,4.0
523,149,4.5
523,155,4.0
523,163,4.0
523,175,4.5
523,182,5.0
523,318,5.0
523,930,4.5
523,933,5.0
523,671,4.5
523,939,4.0
523,740,5.0
523,742,4.5
523,501,4.0
523,5706,4.5
523,762,4.0
523,1313,5.0
523,1667,4.5
523,1317,4.5
523,3981,4.0
523,677,4.0
523,3607,5.0
523,549,4.0
523,4172,5.0
523,552,5.0
523,1544,4.5
523,213,4.0
523,4192,4.0
523,2880,4.0
523,819,4.0
523,2892,5.0
523,3285,5.0
523,642,4.5
523,5707,4.0
523,5708,4.5
524,344,4.0
524,333,5.0
524,13,5.0
524,403,4.0
524,413,4.0
524,422,5.0
524,4360,4.0
524,21,5.0
524,246,5.0
524,26,5.0
524,28,5.0
524,343,5.0
524,435,4.0
524,32,5.0
524,444,4.0
524,217,4.0
524,256,4.0
524,651,4.0
524,34,5.0
524,1092,4.0
524,3356,4.0
524,43,4.0
524,901,5.0
524,48,5.0
524,53,5.0
524,1697,4.0
524,2568,5.0
524,56,5.0
524,58,5.0
524,61,5.0
524,63,5.0
524,709,4.0
524,1714,4.0
524,685,5.0
524,271,4.0
524,859,4.0
524,71,4.0
524,1097,4.0
524,75,4.0
524,3571,5.0
524,1584,4.0
524,710,4.0
524,711,4.0
524,862,4.0
524,1353,4.0
524,712,5.0
524,863,4.0
524,1275,5.0
524,1206,4.0
524,865,4.0
524,83,5.0
524,1363,4.0
524,3173,4.0
524,5709,4.0
524,1493,5.0
524,3573,4.0
524,715,5.0
524,285,5.0
524,1699,5.0
524,1277,4.0
524,1589,5.0
524,96,5.0
524,5710,4.0
524,110,4.0
524,112,5.0
524,1278,5.0
524,911,4.0
524,114,5.0
524,2578,4.0
524,288,4.0
524,1034,4.0
524,118,5.0
524,120,5.0
524,218,5.0
524,1944,4.0
524,3779,4.0
524,912,5.0
524,1946,4.0
524,5711,4.0
524,131,5.0
524,1605,5.0
524,133,5.0
524,4358,5.0
524,5712,5.0
524,1502,4.0
524,137,5.0
524,4401,4.0
524,1102,4.0
524,1607,4.0
524,914,5.0
524,151,4.0
524,153,5.0
524,2633,5.0
524,5713,4.0
524,2580,4.0
524,1390,4.0
524,156,5.0
524,879,4.0
524,159,4.0
524,160,4.0
524,5714,4.0
524,881,4.0
524,5715,4.0
524,3901,5.0
524,305,4.0
524,2638,5.0
524,1887,4.0
524,471,4.0
524,174,5.0
524,1399,4.0
524,2117,4.0
524,888,4.0
524,5716,4.0
524,889,5.0
524,182,5.0
524,621,5.0
524,4105,5.0
524,5717,4.0
524,5718,4.0
524,1959,5.0
524,927,4.0
524,931,5.0
524,3791,4.0
524,1513,4.0
524,5719,4.0
524,692,5.0
524,977,5.0
524,625,4.0
524,5447,4.0
524,5720,4.0
524,329,5.0
524,5721,5.0
524,3536,4.0
524,3794,5.0
524,4546,4.0
524,199,5.0
524,518,4.0
524,5293,5.0
524,3799,5.0
525,6,5.0
525,373,4.0
525,339,4.0
525,16,5.0
525,20,4.0
525,571,4.0
525,28,4.0
525,704,4.0
525,679,5.0
525,62,4.0
525,65,4.0
525,68,4.0
525,200,5.0
525,5722,4.5
525,1113,5.0
525,124,4.5
525,139,5.0
525,187,5.0
525,605,5.0
525,3678,4.0
525,480,4.5
525,4435,4.0
525,731,5.0
525,540,4.5
525,761,4.0
525,203,4.5
525,2822,5.0
525,204,5.0
525,782,4.0
525,210,4.5
525,4072,5.0
525,1804,4.5
525,551,4.5
525,1806,4.0
525,637,4.5
525,213,4.0
526,354,5.0
526,367,4.0
526,4122,4.0
526,13,5.0
526,1548,4.0
526,32,5.0
526,443,4.0
526,444,4.0
526,1704,5.0
527,347,4.0
527,373,4.0
527,396,4.0
527,405,4.0
527,15,4.0
527,16,5.0
527,420,4.0
527,422,5.0
527,20,5.0
527,340,4.0
527,21,4.0
527,614,4.0
527,433,5.0
527,26,5.0
527,27,4.0
527,28,4.0
527,434,4.0
528,955,4.0
528,13,5.0
528,21,4.0
528,28,5.0
528,32,4.0
528,58,5.0
528,271,5.0
528,75,5.0
528,276,4.0
528,715,5.0
528,479,5.0
528,730,5.0
529,2,5.0
529,6,5.0
529,646,4.0
529,402,4.0
529,20,5.0
529,21,4.0
529,3991,5.0
529,22,5.0
529,571,4.0
529,28,4.0
529,30,4.0
529,3558,4.0
529,615,5.0
529,58,4.0
529,616,5.0
529,62,5.0
529,63,5.0
529,1053,5.0
529,68,4.0
529,1164,5.0
529,708,4.0
529,75,5.0
529,1880,5.0
529,958,5.0
529,467,5.0
529,580,5.0
529,1033,4.0
529,1367,4.0
529,100,5.0
529,688,5.0
529,218,4.0
529,124,4.0
529,126,4.0
529,129,4.0
529,139,5.0
529,155,4.0
529,163,5.0
529,174,5.0
529,192,5.0
529,5723,4.0
529,4544,5.0
529,725,4.0
530,0,5.0
530,16,5.0
530,616,4.0
530,63,4.0
530,1273,5.0
530,685,4.5
530,1275,4.0
530,1589,5.0
530,218,5.0
530,136,4.0
530,139,5.0
530,163,5.0
530,2589,5.0
530,2592,5.0
530,477,5.0
530,671,5.0
530,1669,5.0
530,1673,5.0
530,4907,5.0
530,1319,5.0
530,545,5.0
530,208,4.0
530,2240,5.0
530,2096,5.0
530,2251,5.0
530,2260,5.0
530,828,5.0
530,3283,5.0
531,0,4.0
531,344,4.5
531,955,4.0
531,1475,4.0
531,333,4.0
531,4121,4.0
531,3,4.0
531,895,4.0
531,368,4.0
531,374,4.0
531,460,4.5
531,1289,4.0
531,701,4.5
531,1448,4.0
531,513,4.0
531,511,4.0
531,13,4.5
531,16,4.5
531,413,4.0
531,18,4.0
531,5724,4.0
531,1342,4.0
531,21,4.5
531,427,4.5
531,1462,4.0
531,849,4.0
531,1771,4.5
531,246,4.5
531,27,4.0
531,28,4.0
531,29,4.0
531,1548,4.0
531,444,4.5
531,445,4.0
531,3354,4.0
531,1481,4.5
531,679,4.5
531,53,4.0
531,56,4.5
531,58,4.0
531,61,4.5
531,1273,4.5
531,71,5.0
531,74,4.5
531,75,4.5
531,1483,4.0
531,1275,4.5
531,80,4.0
531,864,4.5
531,865,4.0
531,958,4.0
531,1490,4.0
531,1235,5.0
531,905,4.0
531,580,4.5
531,1236,4.5
531,1098,4.0
531,528,4.0
531,468,4.5
531,584,4.5
531,1884,4.0
531,3328,4.5
531,97,4.0
531,619,4.5
531,98,4.0
531,99,4.0
531,100,4.5
531,104,4.0
531,869,4.0
531,908,4.0
531,910,4.0
531,112,4.0
531,118,4.0
531,1594,4.5
531,119,4.5
531,122,4.0
531,123,4.0
531,2655,4.0
531,716,5.0
531,124,4.0
531,913,5.0
531,139,4.0
531,1248,4.5
531,144,4.0
531,298,4.0
531,963,4.5
531,151,4.5
531,593,4.0
531,299,4.0
531,160,4.0
531,161,4.0
531,162,4.0
531,164,4.5
531,4434,4.0
531,165,4.0
531,471,4.5
531,599,4.5
531,4104,4.5
531,185,4.5
531,187,4.5
531,600,4.0
531,927,4.0
531,196,4.0
531,1299,5.0
531,605,4.0
531,2157,4.5
531,2658,4.0
531,475,4.5
531,3579,4.5
531,1515,4.5
531,476,4.0
531,1252,4.0
531,5725,4.5
531,977,4.0
531,2265,4.0
531,3533,4.5
531,1302,4.0
531,2109,4.5
531,477,4.0
531,2223,4.0
531,329,4.0
531,478,4.0
531,479,4.0
531,480,4.0
531,2020,4.0
531,2021,4.0
531,731,4.5
531,2023,4.0
531,481,4.5
531,2269,5.0
531,980,5.0
531,483,4.0
531,1551,4.5
531,484,4.0
531,2273,4.0
531,487,4.0
531,737,4.0
531,2274,4.0
531,489,4.5
531,2339,4.5
531,1640,4.0
531,1979,4.0
531,490,4.0
531,201,4.5
531,1259,4.5
531,491,4.5
531,492,4.5
531,743,4.5
531,1308,4.0
531,1991,4.5
531,1043,4.5
531,983,4.0
531,228,4.0
531,1553,4.0
531,495,4.5
531,496,4.0
531,4438,4.5
531,2033,4.0
531,1648,4.5
531,1856,4.0
531,501,4.0
531,5726,4.5
531,674,4.5
531,1774,4.5
531,1775,4.5
531,2038,5.0
531,1929,4.5
531,2353,4.0
531,1777,4.5
531,991,4.5
531,626,4.0
531,5038,4.0
531,1311,5.0
531,1076,4.0
531,5727,4.0
531,5728,4.0
531,755,4.0
531,3314,4.0
531,994,4.0
531,1780,4.0
531,2044,4.5
531,760,4.0
531,2231,4.0
531,505,4.0
531,4165,4.0
531,764,4.0
531,1781,4.0
531,1662,5.0
531,1175,4.0
531,508,4.0
531,1315,4.0
531,5729,4.0
531,1667,4.5
531,1078,4.0
531,2736,4.0
531,1654,4.0
531,2820,4.0
531,3031,5.0
531,2061,4.5
531,2662,4.0
531,4795,4.0
531,2826,4.5
531,1152,4.0
531,4008,4.0
531,5730,4.0
531,1000,4.0
531,3351,4.0
531,777,4.0
531,778,4.0
531,4167,4.0
531,2666,4.5
531,1677,4.0
531,5731,4.0
531,5732,4.5
531,5733,4.5
531,1159,4.0
531,2073,4.0
531,2833,4.5
531,5734,4.0
531,1079,4.5
531,1790,5.0
531,2835,4.0
531,5683,4.0
531,5625,4.0
531,1320,4.5
531,5308,4.5
531,3215,4.0
531,4515,4.0
531,2836,4.0
531,206,4.0
531,698,4.5
531,1680,4.0
531,4293,4.0
531,5735,4.0
531,2322,4.5
531,4091,5.0
531,1682,4.0
531,5566,4.0
531,4456,4.0
531,790,4.5
531,5736,4.0
531,5737,4.0
531,5738,4.0
531,794,4.5
531,5627,4.0
531,5265,4.0
531,2400,4.0
531,548,4.5
531,208,4.5
531,1005,4.5
531,4169,4.0
531,796,4.5
531,2091,4.0
531,4152,4.0
531,1865,4.0
531,2093,4.0
531,1684,4.5
531,2096,4.5
531,4816,4.0
531,2098,4.0
531,5739,4.5
531,3050,5.0
531,1800,4.5
531,4462,4.0
531,1685,4.5
531,1803,4.0
531,4156,4.0
531,2100,4.0
531,803,4.0
531,5740,4.0
531,5741,4.0
531,4176,4.0
531,806,4.0
531,1009,4.5
531,5045,4.0
531,1180,4.0
531,5742,4.0
531,3959,4.5
531,4158,4.0
531,4181,4.0
531,3057,4.0
531,2104,4.0
531,3058,4.0
531,3219,4.5
531,2431,4.5
531,1933,4.5
531,5743,4.0
531,1183,4.5
531,1872,4.0
531,3271,4.0
531,3185,4.0
531,3272,4.5
531,5744,4.5
531,5745,4.0
531,3276,4.0
531,3186,4.0
531,635,4.0
531,2872,4.0
531,5746,4.0
531,2138,4.0
531,557,4.0
531,816,4.0
531,5747,4.5
531,3065,4.5
531,4191,4.0
531,2139,4.0
531,3188,4.0
531,1184,4.0
531,5748,4.0
531,1816,4.0
531,639,4.5
531,1021,4.0
531,5749,4.0
531,823,4.5
531,4475,4.0
531,5750,4.0
531,3224,5.0
531,1822,4.5
531,5751,4.0
531,828,4.5
531,1186,5.0
531,3085,4.0
531,5752,4.0
531,4226,4.5
531,5753,4.5
531,5754,4.0
531,5755,5.0
532,139,4.0
532,297,5.0
532,149,5.0
532,150,5.0
532,1382,4.0
532,963,4.0
532,299,5.0
532,5068,4.0
532,155,5.0
533,2289,5.0
533,6,5.0
533,373,5.0
533,382,4.0
533,337,5.0
533,1048,5.0
533,1265,4.0
533,4536,5.0
533,15,5.0
533,16,5.0
533,242,4.0
533,1294,5.0
533,419,5.0
533,422,4.0
533,21,4.0
533,430,5.0
533,22,5.0
533,28,4.0
534,402,4.0
534,18,4.0
534,124,4.5
534,139,4.0
534,174,4.0
534,2643,5.0
534,478,5.0
534,479,4.5
534,484,4.5
534,485,5.0
534,489,5.0
534,4723,5.0
534,492,4.5
534,502,5.0
534,764,5.0
534,203,4.5
534,998,5.0
534,999,5.0
534,773,5.0
534,5756,5.0
534,4003,5.0
534,1680,4.0
534,1003,4.0
534,789,5.0
534,208,5.0
534,699,4.0
534,210,5.0
534,5757,5.0
534,4551,5.0
534,2866,4.5
534,1179,4.0
534,812,4.5
534,637,5.0
534,213,5.0
535,374,4.5
535,413,4.5
535,1463,5.0
535,246,5.0
535,343,5.0
535,1269,5.0
535,252,4.0
535,901,5.0
535,57,5.0
535,73,4.0
535,528,4.0
535,879,4.5
535,888,5.0
535,923,4.0
535,1411,4.0
535,190,4.5
535,2013,5.0
535,935,4.5
535,3310,5.0
535,3980,4.5
535,4264,4.5
535,482,5.0
535,5758,4.0
535,5759,5.0
535,987,4.5
535,4792,4.5
535,2662,4.5
535,204,4.5
535,781,5.0
535,545,5.0
535,630,4.5
535,1003,4.0
535,2091,4.5
535,549,5.0
536,5004,4.5
536,402,4.0
536,57,5.0
536,1236,4.0
536,2697,4.0
536,194,4.5
536,475,5.0
536,477,4.5
536,518,4.5
536,737,5.0
536,489,4.5
536,4372,4.5
536,501,4.5
536,1315,5.0
536,2061,5.0
536,778,4.5
536,545,5.0
536,1680,5.0
536,1682,5.0
537,3,4.5
537,13,5.0
537,339,5.0
537,571,4.5
537,48,4.0
537,56,5.0
537,61,5.0
537,100,5.0
537,124,5.0
537,139,4.0
537,143,4.5
537,5760,4.0
537,4874,4.0
537,1505,4.0
537,163,4.5
537,324,4.0
537,479,4.0
537,730,4.0
537,947,4.0
537,481,4.0
537,489,4.5
537,1648,4.5
537,1777,5.0
537,626,5.0
537,760,5.0
537,764,4.0
537,1147,4.0
537,203,5.0
538,346,4.0
538,955,4.0
538,347,4.0
538,351,4.0
538,4,5.0
538,6,5.0
538,5761,4.0
538,1270,5.0
538,1291,4.0
538,1200,4.0
538,511,4.0
538,400,5.0
538,402,4.0
538,403,4.0
538,15,5.0
538,407,4.0
538,16,5.0
538,512,4.0
538,17,5.0
538,416,4.0
538,422,4.0
538,20,5.0
538,340,4.0
538,21,5.0
538,1202,4.0
538,428,5.0
538,2301,4.0
538,570,4.0
538,614,5.0
538,25,4.0
538,26,5.0
538,28,4.0
538,342,5.0
538,462,5.0
538,851,5.0
538,650,5.0
539,3,5.0
539,370,4.0
539,402,5.0
539,16,5.0
539,413,5.0
539,1456,4.5
539,342,4.0
539,29,4.5
539,464,4.0
539,48,5.0
539,53,4.0
539,616,4.0
539,59,4.0
539,709,5.0
539,74,4.0
539,2626,4.0
539,903,4.5
539,864,5.0
539,1362,5.0
539,617,4.5
539,1372,4.0
539,124,4.0
539,139,5.0
539,592,4.0
539,150,5.0
539,155,4.5
539,879,4.5
539,163,5.0
539,171,4.5
539,314,4.0
539,604,4.0
539,1299,4.0
539,624,4.0
539,670,5.0
539,475,5.0
539,1852,4.0
539,476,5.0
539,478,5.0
539,480,4.5
539,518,4.0
539,945,5.0
539,731,4.0
539,734,4.0
539,485,4.5
539,486,4.5
539,737,4.5
539,489,4.0
539,743,5.0
539,744,4.0
539,1260,4.5
539,986,4.5
539,988,4.0
539,989,4.0
539,1648,5.0
539,749,5.0
539,2038,4.0
539,991,4.0
539,993,4.0
539,503,4.0
539,1779,4.0
539,760,4.0
539,506,4.5
539,1077,4.0
539,628,4.5
540,4122,5.0
540,460,5.0
540,11,5.0
540,3338,5.0
540,1268,4.0
540,413,5.0
540,415,5.0
540,416,5.0
540,246,5.0
540,343,5.0
540,438,5.0
540,679,5.0
540,2112,5.0
540,70,5.0
540,71,5.0
540,2572,5.0
540,1275,5.0
540,4873,5.0
540,958,5.0
540,3012,5.0
540,468,5.0
540,4356,5.0
540,4357,5.0
540,5762,5.0
540,5763,5.0
540,5764,5.0
540,1946,5.0
540,1947,5.0
540,139,5.0
540,299,5.0
540,300,5.0
540,3169,5.0
540,155,5.0
540,163,5.0
540,5631,5.0
540,1406,5.0
540,2014,5.0
540,4221,5.0
540,670,5.0
540,2264,5.0
540,5687,5.0
540,976,4.0
540,477,5.0
540,3538,5.0
540,485,5.0
540,1304,5.0
540,1305,5.0
540,737,5.0
540,5765,5.0
540,744,5.0
540,540,5.0
540,1147,5.0
540,1315,5.0
540,677,5.0
540,4608,5.0
540,1159,5.0
540,206,4.0
540,1080,5.0
540,789,5.0
540,2840,5.0
540,2096,5.0
540,1082,5.0
540,550,4.0
540,552,5.0
540,812,4.0
540,5766,5.0
541,5767,5.0
541,361,5.0
541,5768,5.0
541,367,4.0
541,2550,5.0
541,5769,5.0
541,5770,5.0
541,462,4.0
541,5771,5.0
541,5348,4.0
541,443,5.0
541,444,5.0
541,45,5.0
541,1712,5.0
541,1226,5.0
541,1468,5.0
541,710,5.0
542,663,5.0
542,4075,4.0
542,1098,4.5
542,1493,4.0
542,130,4.0
542,1381,5.0
542,470,4.0
542,878,4.0
543,1476,5.0
543,368,4.0
543,414,4.0
543,21,4.0
543,571,5.0
543,1110,5.0
543,1233,5.0
543,1850,5.0
543,5772,4.0
543,4051,4.0
543,5773,4.0
543,5774,4.0
543,5775,4.0
543,5776,4.0
543,5777,4.0
543,300,4.0
543,155,5.0
543,5778,4.0
543,5779,5.0
543,1119,4.0
543,3436,4.0
543,314,4.0
543,2762,4.0
543,5780,4.0
543,5781,5.0
543,1623,4.0
543,1624,5.0
543,5782,4.0
543,5783,5.0
543,5784,5.0
543,5785,5.0
543,5786,5.0
543,1625,5.0
543,973,4.0
544,648,5.0
544,2307,4.0
544,2214,4.0
544,655,5.0
544,2752,5.0
544,3634,5.0
544,274,5.0
544,2113,5.0
544,1276,5.0
544,1759,5.0
544,286,5.0
544,155,5.0
544,1726,4.0
544,689,4.0
544,5572,4.0
545,1702,5.0
545,16,5.0
545,32,5.0
545,1206,5.0
545,5787,4.0
545,5788,4.5
545,139,5.0
545,690,4.5
545,187,4.0
545,473,5.0
545,1894,5.0
545,5789,4.0
545,5663,5.0
545,201,4.5
545,536,4.5
545,5790,4.0
545,4082,5.0
545,204,5.0
546,647,5.0
546,402,4.0
546,679,4.0
546,58,4.5
546,100,5.0
546,139,5.0
546,163,5.0
546,670,5.0
546,203,5.0
546,204,4.0
546,208,5.0
546,831,5.0
547,0,4.0
547,402,4.5
547,16,4.0
547,139,4.5
547,485,4.0
547,204,4.0
547,777,5.0
547,677,4.0
547,545,4.5
547,795,4.0
547,208,5.0
547,2091,4.0
547,1801,4.0
547,803,5.0
547,1180,4.0
547,2258,4.0
547,213,4.0
547,638,5.0
547,823,4.5
547,825,4.5
547,826,4.5
547,215,4.0
547,1826,4.0
547,1186,5.0
547,642,4.0
548,3,4.5
548,647,4.5
548,402,4.0
548,16,4.5
548,415,4.0
548,571,4.0
548,28,4.5
548,462,4.0
548,679,4.5
548,71,4.0
548,1483,4.0
548,578,4.0
548,200,4.5
548,468,4.0
548,96,4.0
548,100,4.5
548,716,4.5
548,125,4.0
548,139,4.0
548,299,4.0
548,163,4.5
548,174,4.0
548,968,4.0
548,1420,4.0
548,475,4.0
548,1515,4.0
548,1125,4.0
548,731,4.5
548,481,4.0
548,483,4.0
548,485,4.0
548,488,4.0
548,737,4.0
548,1254,4.0
548,982,4.0
548,493,4.0
548,987,4.0
548,1646,4.0
548,497,4.0
548,993,4.0
548,1311,4.0
548,2231,4.0
548,505,4.0
548,1554,4.0
548,508,4.5
548,1149,4.0
548,1528,4.5
548,2233,4.0
548,1151,4.0
548,777,4.0
548,1154,4.5
548,677,4.5
548,1679,4.0
548,545,4.0
548,790,4.0
548,795,4.0
548,208,4.0
548,632,4.5
548,801,4.0
548,1008,4.0
548,3261,4.0
548,802,4.0
548,803,4.0
548,4551,5.0
548,806,4.0
548,552,5.0
548,556,4.5
548,634,4.0
548,2105,4.0
548,817,4.0
548,213,4.0
548,4695,5.0
548,4340,4.5
548,1819,4.0
548,1822,4.0
548,1823,4.0
548,826,4.0
548,830,4.0
548,642,4.5
548,4199,4.5
548,565,4.5
548,3099,4.0
548,645,5.0
548,5213,5.0
548,3484,4.0
548,3965,4.0
549,12,4.0
549,339,4.0
549,16,4.0
549,22,4.0
549,648,5.0
549,849,4.0
549,342,4.0
549,463,4.0
549,35,4.5
549,48,4.5
549,1697,4.0
549,55,5.0
549,1051,4.0
549,654,4.0
549,56,5.0
549,681,4.0
549,60,4.0
549,64,4.0
549,65,4.0
549,467,4.5
549,84,4.5
549,200,4.0
549,1883,4.0
549,584,4.0
549,688,4.0
549,2654,4.0
549,136,5.0
549,139,4.5
549,145,4.0
549,150,4.0
549,299,4.0
549,919,4.0
549,1391,4.5
549,159,4.0
549,163,4.5
549,881,4.0
549,165,4.0
549,1035,4.0
549,1729,4.0
549,1394,4.0
549,471,4.5
549,1616,4.0
549,885,4.0
549,599,4.0
549,888,4.5
549,889,4.0
549,927,4.5
549,1036,4.0
549,932,4.0
549,1514,4.0
549,1039,4.0
549,1124,5.0
549,480,4.0
549,941,4.0
549,730,4.0
549,947,4.0
549,1976,5.0
549,737,4.5
549,492,5.0
549,744,4.0
550,2,5.0
550,349,5.0
550,354,5.0
550,4095,4.0
550,4,4.0
550,460,4.5
550,647,4.0
550,339,5.0
550,1216,4.5
550,702,4.0
550,704,5.0
550,615,5.0
550,50,4.5
550,62,5.0
550,682,5.0
550,708,4.0
550,276,5.0
550,3326,5.0
550,617,4.0
550,200,4.0
550,713,5.0
550,1498,5.0
550,125,4.0
550,136,4.0
550,138,5.0
550,878,4.5
550,155,5.0
550,163,5.0
550,171,4.0
550,1769,5.0
550,1284,4.5
550,317,5.0
550,624,5.0
550,605,5.0
550,322,5.0
550,478,4.5
550,5791,5.0
550,731,4.0
550,5792,5.0
550,1903,4.5
550,485,5.0
550,693,5.0
550,1254,4.5
550,1770,4.0
550,744,5.0
550,747,4.5
550,1647,4.5
550,4007,4.5
550,1701,4.0
550,1310,5.0
550,4593,5.0
550,5793,4.5
550,761,5.0
550,763,4.0
550,203,5.0
550,1149,4.0
550,5226,5.0
550,999,4.0
550,769,4.0
550,1317,5.0
550,773,5.0
550,1044,4.0
550,4003,5.0
550,5794,4.0
550,5795,4.0
551,568,5.0
551,1292,5.0
551,1213,5.0
551,413,4.0
551,22,5.0
551,245,5.0
551,246,5.0
551,28,5.0
551,3486,5.0
551,615,5.0
551,251,5.0
551,2720,4.0
551,855,5.0
551,5796,4.0
551,254,5.0
551,256,5.0
551,257,4.0
551,34,5.0
551,2143,4.0
551,1162,4.0
551,899,5.0
551,900,5.0
551,44,4.0
551,901,5.0
551,2306,4.0
551,902,5.0
551,680,4.0
551,53,5.0
551,56,5.0
551,656,5.0
551,61,5.0
551,62,5.0
551,269,5.0
551,659,4.0
551,664,5.0
551,3139,5.0
551,903,5.0
551,5797,4.0
551,2563,5.0
551,3522,4.0
551,1233,5.0
551,516,5.0
551,284,5.0
551,3841,4.0
551,3523,4.0
551,100,5.0
551,106,4.0
551,906,5.0
551,869,5.0
551,909,4.0
551,109,4.0
551,1599,5.0
551,716,5.0
551,873,5.0
551,962,4.0
551,138,5.0
551,4432,4.0
551,139,5.0
551,1248,4.0
551,470,5.0
551,1503,5.0
551,917,4.0
551,918,4.0
551,5798,4.0
551,155,5.0
551,3658,4.0
551,1103,5.0
552,0,4.0
552,1,5.0
552,332,4.0
552,352,5.0
552,1047,4.0
552,354,4.0
552,585,4.0
552,4,5.0
552,1477,4.0
552,368,5.0
552,6,5.0
552,370,4.0
552,371,4.0
552,373,4.0
552,4362,5.0
552,1291,4.0
552,11,4.0
552,13,5.0
552,647,5.0
552,339,4.0
552,398,4.0
552,400,4.0
552,402,5.0
552,14,5.0
552,404,5.0
552,1268,4.0
552,16,5.0
552,512,4.0
552,3628,4.0
552,416,4.0
552,1456,4.0
552,1457,5.0
552,5799,4.0
552,420,4.0
552,19,4.0
552,20,4.0
552,21,4.0
552,427,4.0
552,1295,5.0
552,430,4.0
552,648,4.0
552,431,4.0
552,23,5.0
552,1771,4.0
552,433,5.0
552,571,5.0
552,28,5.0
552,434,4.0
552,30,5.0
552,5800,5.0
552,440,4.0
552,247,4.0
552,851,4.0
552,852,5.0
552,704,5.0
552,444,4.0
552,1188,5.0
552,1479,5.0
552,1346,4.0
552,33,4.0
552,1223,4.0
552,651,5.0
552,2143,4.0
552,1711,5.0
552,43,5.0
552,1481,4.0
552,679,4.0
552,2306,4.0
552,902,4.0
552,50,5.0
552,51,5.0
552,52,4.0
552,1752,4.0
552,53,5.0
552,1349,4.0
552,56,5.0
552,57,5.0
552,58,4.0
552,616,5.0
552,59,4.0
552,60,5.0
552,61,5.0
552,62,5.0
552,63,5.0
552,1273,5.0
552,64,4.0
552,65,4.0
552,269,4.0
552,68,5.0
552,1110,5.0
552,1581,5.0
552,685,5.0
552,271,5.0
552,662,4.0
552,70,4.0
552,272,4.0
552,859,5.0
552,72,5.0
552,860,5.0
552,274,4.0
552,2674,4.0
552,1352,5.0
552,1549,5.0
552,5801,4.0
552,572,5.0
552,1354,4.0
552,4844,4.0
552,1276,5.0
552,5802,4.0
552,1698,4.0
552,3560,4.0
552,276,4.0
552,1357,5.0
552,79,4.0
552,4847,4.0
552,80,5.0
552,1939,4.0
552,1230,4.0
552,957,4.0
552,1488,4.0
552,82,5.0
552,466,5.0
552,1489,4.0
552,1361,4.0
552,5589,4.0
552,277,5.0
552,1363,4.0
552,516,4.0
552,1550,5.0
552,1058,5.0
552,87,4.0
552,88,4.0
552,581,5.0
552,1493,4.0
552,1111,4.0
552,2675,4.0
552,2115,5.0
552,285,5.0
552,5803,4.0
552,1277,4.0
552,96,5.0
552,5804,5.0
552,1591,4.0
552,99,5.0
552,100,5.0
552,588,5.0
552,908,4.0
552,1099,4.0
552,111,4.0
552,112,4.0
552,1496,4.0
552,2007,5.0
552,4057,4.0
552,2008,5.0
552,3880,4.0
552,288,5.0
552,1034,5.0
552,118,4.0
552,119,4.0
552,120,5.0
552,5805,4.0
552,3843,4.0
552,1597,4.0
552,5806,4.0
552,218,4.0
552,2655,4.0
552,1169,4.0
552,1372,4.0
552,1944,5.0
552,124,5.0
552,1374,4.0
552,5078,4.0
552,1375,4.0
552,293,4.0
552,1602,4.0
552,1603,4.0
552,960,4.0
552,4356,4.0
552,1101,4.0
552,4364,4.0
552,874,4.0
552,3844,4.0
552,5807,4.0
552,1605,4.0
552,4414,4.0
552,1947,4.0
552,133,4.0
552,2106,4.0
552,1501,4.0
552,5808,5.0
552,4365,4.0
552,3780,4.0
552,137,5.0
552,3781,5.0
552,5328,5.0
552,3782,5.0
552,1242,4.0
552,139,5.0
552,143,5.0
552,3783,4.0
552,470,4.0
552,298,5.0
552,592,4.0
552,963,5.0
552,299,4.0
552,4874,5.0
552,1387,4.0
552,153,5.0
552,918,5.0
552,4257,5.0
552,155,5.0
552,5083,5.0
552,4219,5.0
552,158,5.0
552,879,4.0
552,161,5.0
552,163,4.0
552,3845,4.0
552,164,4.0
552,165,4.0
552,964,4.0
552,168,5.0
552,5715,4.0
552,3901,4.0
552,1887,4.0
552,1952,4.0
552,1734,4.0
552,1614,4.0
552,5086,4.0
552,174,5.0
552,885,5.0
552,1399,4.0
552,1117,5.0
552,3155,4.0
552,1407,5.0
552,1408,4.0
552,5809,4.0
552,923,4.0
552,314,4.0
552,4557,4.0
552,889,4.0
552,182,5.0
552,183,5.0
552,5091,4.0
552,1765,5.0
552,3908,4.0
552,5810,5.0
552,4420,4.0
552,1888,5.0
552,186,5.0
552,1509,5.0
552,2587,4.0
552,1890,4.0
552,971,5.0
552,190,4.0
552,4105,5.0
552,5717,5.0
552,5811,5.0
552,1959,5.0
552,4245,5.0
552,191,4.0
552,192,4.0
552,3330,4.0
552,5812,4.0
552,5813,4.0
552,1122,5.0
552,1532,5.0
552,973,4.0
552,1415,5.0
552,5814,4.0
552,1416,4.0
552,3375,5.0
552,5723,4.0
552,5815,5.0
553,246,5.0
553,720,4.0
553,329,5.0
553,479,4.5
553,483,4.5
553,484,4.0
553,489,4.0
553,1979,4.0
553,492,4.0
553,987,4.0
553,994,4.0
553,676,4.0
553,5816,4.5
553,1655,4.0
553,2738,4.0
553,789,4.0
553,1795,4.0
553,1683,5.0
553,4915,4.0
553,1008,4.5
553,5045,4.0
553,811,4.0
553,823,5.0
553,5817,4.0
553,4197,4.0
553,5818,4.0
553,5819,4.0
554,955,4.5
554,373,4.5
554,460,5.0
554,402,4.5
554,1268,4.0
554,22,4.0
554,462,5.0
554,679,5.0
554,75,4.0
554,1359,4.5
554,139,4.5
554,1248,4.5
554,475,4.5
554,329,4.5
554,482,5.0
554,677,4.0
555,513,4.0
555,28,4.0
555,434,5.0
555,5347,5.0
555,48,5.0
555,53,4.0
555,65,5.0
555,271,4.0
555,580,4.0
555,584,4.0
555,285,5.0
555,100,4.0
555,1371,5.0
555,1379,5.0
555,165,4.0
555,1398,5.0
555,2681,4.0
555,1298,4.0
555,1509,4.0
555,5820,5.0
555,4221,4.0
555,3161,5.0
555,1418,4.0
555,5821,5.0
555,475,5.0
555,1514,5.0
555,477,4.0
555,479,5.0
555,1073,5.0
555,5822,5.0
555,5252,4.0
555,1126,4.0
555,4224,5.0
555,1898,4.0
555,5823,5.0
555,3581,5.0
555,2022,5.0
555,5824,5.0
556,0,5.0
556,344,4.0
556,2,5.0
556,333,5.0
556,334,4.0
556,335,4.0
556,367,4.0
556,6,4.0
556,378,4.0
556,1291,5.0
556,385,4.0
556,13,5.0
556,237,5.0
556,398,4.0
556,402,5.0
556,1293,4.0
556,405,4.0
556,16,4.0
556,413,4.0
556,415,4.0
556,243,5.0
556,21,5.0
556,428,4.0
556,613,4.0
556,2301,4.0
556,570,5.0
556,614,4.0
556,849,4.0
556,246,4.0
556,571,4.0
556,30,4.0
556,1271,4.0
556,31,5.0
556,247,4.0
556,32,4.0
556,650,5.0
556,444,5.0
556,445,4.0
556,1704,4.0
556,1713,4.0
556,61,4.0
556,710,4.0
556,864,5.0
556,865,4.0
556,958,5.0
557,3,4.0
557,4,4.0
557,1476,4.0
557,3627,4.0
557,6,4.0
557,373,4.0
557,513,4.0
557,13,4.0
557,647,4.5
557,339,4.0
557,400,4.0
557,18,4.0
557,415,4.0
557,416,4.0
557,849,4.0
557,28,4.0
557,30,4.0
557,3486,4.0
557,1050,4.0
557,704,4.5
557,35,4.0
557,49,4.0
557,50,4.0
557,54,4.0
557,55,4.0
557,56,4.0
557,58,4.0
557,655,4.0
557,681,4.0
557,60,4.0
557,61,4.0
557,65,4.0
557,1110,4.0
557,274,4.0
557,75,4.0
557,3635,4.0
557,1194,4.0
557,864,4.5
557,958,4.0
557,617,4.0
557,1233,4.0
557,1490,4.5
557,1235,4.0
557,200,4.0
557,87,4.5
557,2325,4.0
557,584,4.0
557,112,4.0
557,119,4.5
557,123,4.0
557,124,4.0
557,962,4.0
557,139,4.5
557,2688,4.0
557,1381,4.0
557,143,4.0
557,3652,4.0
557,5353,4.0
557,149,4.0
557,3654,4.0
557,299,4.0
557,878,4.0
557,155,4.0
557,1391,4.0
557,163,4.5
557,666,4.0
557,720,4.0
557,307,4.0
557,174,4.0
557,3174,4.0
557,187,4.0
557,4231,4.0
557,3789,4.0
557,624,4.0
557,1627,4.0
557,319,4.0
557,605,4.0
557,933,4.5
557,1892,4.0
557,1514,4.0
557,727,4.0
557,625,4.0
557,1302,4.0
557,478,4.0
557,671,4.0
557,939,4.0
557,479,4.0
557,2020,4.0
557,947,4.0
557,731,4.0
557,5825,4.0
557,482,4.0
557,1041,4.0
557,734,4.0
557,672,4.0
557,1902,4.0
557,5826,4.0
557,5827,4.0
557,4129,4.0
557,484,4.0
557,485,4.0
557,486,4.0
557,5828,4.0
557,1065,4.0
557,1642,4.0
557,201,4.0
557,492,4.0
557,3239,4.0
557,2180,4.0
557,744,4.0
557,1043,4.0
557,5829,4.0
557,1919,4.0
557,1646,4.0
557,1772,4.0
557,747,4.0
557,1924,4.0
557,1648,4.5
557,1856,4.0
557,749,4.0
557,1309,4.0
557,502,4.0
557,5830,4.0
557,1925,4.0
557,3915,4.0
557,1774,4.0
557,1777,4.5
557,626,4.0
557,2229,4.0
557,2702,4.0
557,1076,4.0
557,754,4.0
557,756,4.5
557,759,4.5
557,5831,4.0
557,541,4.0
557,1312,4.0
557,760,4.5
557,1146,4.5
557,996,4.0
557,5832,4.0
557,1147,4.0
557,676,4.0
557,203,4.0
557,4794,4.0
557,1175,4.0
557,508,4.0
557,1667,4.0
557,1669,4.0
557,999,4.0
557,2820,4.0
557,769,4.0
557,3916,4.0
557,1671,4.0
557,1673,4.0
557,770,4.0
557,1317,4.0
557,2285,4.0
557,2200,4.0
557,1676,4.5
557,775,4.5
557,204,4.5
557,5833,4.0
557,1154,4.0
557,677,4.0
557,1156,4.5
557,2132,4.0
557,1789,4.0
557,782,4.0
557,1862,4.0
557,206,4.0
557,1177,4.0
557,5834,4.0
557,2837,4.0
557,1681,4.0
557,2321,4.0
557,1080,4.0
557,4454,4.0
557,4717,4.0
557,792,4.0
557,208,4.0
557,699,4.0
557,2136,4.0
557,700,4.0
557,3261,4.5
557,5200,4.0
557,4173,4.0
557,4643,4.0
557,1806,4.0
557,3266,4.0
557,4719,4.0
557,1544,4.0
557,213,4.0
557,1184,4.0
557,5835,4.0
557,819,4.0
557,5836,4.0
557,640,4.0
557,1822,4.0
557,1330,4.0
557,215,4.0
557,641,4.0
557,4721,4.0
557,642,4.0
557,5208,4.0
557,5837,4.0
557,836,4.5
557,5838,4.0
557,644,4.0
557,5839,4.0
558,0,4.0
558,344,4.0
558,2,4.0
558,3,4.5
558,4,4.5
558,6,5.0
558,13,4.5
558,647,4.0
558,339,4.5
558,400,4.5
558,402,5.0
558,409,4.0
558,16,4.0
558,413,4.0
558,20,4.0
558,21,4.5
558,22,4.0
558,571,4.0
558,27,4.5
558,28,4.0
558,29,4.0
558,444,4.0
558,651,4.5
558,514,4.5
558,35,4.0
558,464,4.0
558,679,4.5
558,48,4.5
558,53,4.5
558,2568,4.0
558,56,5.0
558,57,5.0
558,58,5.0
558,616,4.5
558,61,4.5
558,62,4.0
558,63,4.5
558,65,4.5
558,658,4.0
558,68,4.0
558,709,4.0
558,270,5.0
558,660,4.5
558,1581,4.0
558,685,4.5
558,271,4.0
558,686,4.0
558,70,4.5
558,71,4.5
558,72,4.5
558,74,4.0
558,75,4.5
558,1190,4.0
558,2570,4.0
558,862,4.0
558,712,4.5
558,863,4.0
558,1354,4.0
558,1275,5.0
558,1276,4.0
558,573,4.5
558,83,4.0
558,1363,4.0
558,200,4.0
558,87,5.0
558,94,4.5
558,95,4.0
558,285,4.0
558,1699,4.0
558,97,4.5
558,100,4.5
558,588,4.5
558,287,4.5
558,112,4.5
558,119,4.0
558,688,4.5
558,121,4.0
558,218,4.5
558,123,4.0
558,128,4.0
558,3972,4.0
558,1723,4.5
558,717,4.0
558,3511,4.0
558,718,4.5
558,874,4.5
558,2106,4.0
558,134,4.0
558,136,4.5
558,137,4.0
558,139,4.0
558,144,4.0
558,145,4.0
558,151,5.0
558,299,4.0
558,300,4.0
558,153,4.0
558,918,4.5
558,879,4.0
558,163,4.0
558,164,4.0
558,169,4.5
558,2697,4.5
558,1734,4.0
558,1399,4.0
558,311,4.0
558,721,4.0
558,312,4.0
558,181,4.5
558,1957,4.0
558,890,4.0
558,186,5.0
558,1411,4.0
558,187,5.0
558,191,4.0
558,192,4.5
558,194,5.0
558,601,4.5
558,197,4.0
558,972,4.5
558,1627,4.0
558,605,4.5
558,933,4.0
558,1420,4.0
558,1891,4.0
558,725,4.0
558,692,4.0
558,1438,4.0
558,3209,4.0
558,1439,4.0
558,1894,4.0
558,1124,5.0
558,477,4.0
558,939,5.0
558,479,5.0
558,1126,4.0
558,731,4.5
558,1522,4.0
558,4881,4.5
558,484,5.0
558,1171,4.0
558,489,4.5
558,201,4.5
558,1983,4.0
558,491,4.0
558,492,5.0
558,2610,4.0
558,1043,4.0
558,536,4.0
558,747,4.0
558,1648,4.0
558,540,4.0
558,1143,4.0
558,759,4.0
558,203,4.5
558,1667,4.0
558,769,4.5
558,204,5.0
558,677,5.0
558,1788,4.0
558,1159,4.0
558,698,4.0
558,545,4.5
558,1682,4.5
558,790,4.5
558,678,4.5
558,699,4.0
558,1801,4.0
558,3261,4.5
558,2100,4.0
558,803,4.5
558,551,4.0
558,806,4.5
558,3219,4.0
558,1183,4.0
558,1814,4.0
558,5840,4.0
558,823,4.0
558,215,4.5
558,641,4.0
558,2924,4.0
558,645,4.0
559,0,4.5
559,4,4.0
559,6,4.0
559,513,4.0
559,339,5.0
559,402,5.0
559,404,4.0
559,16,5.0
559,413,5.0
559,4360,4.0
559,428,4.0
559,22,4.5
559,570,4.5
559,614,4.5
559,246,4.0
559,571,4.5
559,28,5.0
559,649,4.0
559,3773,4.5
559,57,5.0
559,616,4.0
559,63,4.5
559,268,4.0
559,68,5.0
559,709,5.0
559,1110,4.5
559,685,4.0
559,271,5.0
559,70,4.0
559,2310,4.0
559,72,5.0
559,860,4.5
559,2674,4.5
559,1190,4.5
559,1352,5.0
559,3571,4.0
559,2572,5.0
559,1698,4.5
559,79,4.0
559,864,4.5
559,86,4.5
559,617,4.5
559,1235,5.0
559,200,5.0
559,581,5.0
559,715,5.0
559,2115,4.0
559,285,5.0
559,2575,4.5
559,1699,5.0
559,1277,4.0
559,96,5.0
559,1884,4.5
559,97,5.0
559,102,4.0
559,2007,4.5
559,2008,4.0
559,3880,4.5
559,1498,4.5
559,2221,5.0
559,1597,5.0
559,121,4.5
559,218,4.0
559,912,4.0
559,873,4.5
559,129,4.0
559,718,5.0
559,961,4.0
559,132,4.0
559,589,5.0
559,139,5.0
559,140,4.5
559,148,4.5
559,149,4.0
559,299,4.0
559,153,4.5
559,155,5.0
559,1390,4.0
559,4120,4.5
559,1886,4.0
559,158,4.0
559,879,5.0
559,3525,4.0
559,163,4.5
559,164,4.5
559,1734,4.0
559,174,4.0
559,1399,4.0
559,182,4.0
559,2326,4.0
559,1284,4.0
559,621,4.5
559,622,4.0
559,2589,4.0
559,4221,4.0
559,604,4.5
559,317,4.0
559,624,5.0
559,322,4.5
559,1891,4.5
559,5841,5.0
559,4544,4.5
559,5842,4.0
559,475,5.0
559,5843,4.5
559,976,5.0
559,1437,4.5
559,625,4.0
559,1894,4.0
559,3535,5.0
559,477,4.5
559,3536,4.0
559,478,4.5
559,480,5.0
559,1073,4.0
559,4500,5.0
559,5005,4.0
559,1303,4.5
559,482,4.0
559,1041,4.0
559,1902,5.0
559,485,4.0
559,1639,4.5
559,737,4.5
559,1171,4.5
559,741,5.0
559,201,4.5
559,2780,5.0
559,5844,4.5
559,742,4.0
559,1644,4.0
559,1308,4.0
559,5845,4.0
559,5846,4.0
559,2618,4.0
559,1140,4.0
559,1777,4.5
559,1310,4.5
559,1264,5.0
559,676,4.0
559,5561,4.0
559,1530,4.5
559,770,4.5
559,774,5.0
559,2068,4.5
559,2129,5.0
559,204,4.0
559,1319,5.0
559,1159,5.0
559,1790,4.0
559,206,4.0
559,788,5.0
559,2841,4.5
559,678,4.5
559,4169,4.5
559,2240,4.0
559,2092,4.0
559,2241,4.5
559,2096,4.0
559,1178,4.0
559,550,5.0
559,4176,4.0
559,2251,5.0
559,1326,4.5
559,3271,4.0
559,5847,4.0
560,16,4.0
560,246,4.0
560,343,4.0
560,434,4.0
560,436,4.0
560,445,4.0
560,251,4.5
560,256,4.0
560,257,4.0
560,1696,4.0
560,34,4.0
560,900,4.5
560,901,5.0
560,48,4.0
560,902,4.0
560,1275,4.0
560,285,5.0
560,4100,4.0
560,5848,4.5
560,2008,4.0
560,716,4.0
560,318,4.0
560,2017,4.0
560,936,4.0
560,529,4.0
560,3406,4.0
560,482,4.0
560,5849,5.0
560,596,4.0
560,2048,4.0
560,3567,4.0
560,1539,4.0
560,3612,4.0
560,2841,4.0
560,2136,4.0
560,549,4.0
560,2137,4.0
560,1082,4.0
560,2101,4.0
560,5850,4.0
560,5851,4.0
560,3183,4.0
560,1182,4.0
560,5852,4.0
560,5853,4.0
560,2716,4.0
560,1018,4.0
560,214,4.5
560,5817,4.0
560,828,4.0
560,1690,4.5
560,3287,4.5
560,643,4.0
561,427,4.0
561,70,5.0
561,71,4.0
561,1352,5.0
561,584,4.0
561,285,4.0
561,619,4.0
561,98,4.0
561,963,4.0
561,188,4.0
561,1299,4.0
561,1303,4.0
561,1904,4.5
561,531,4.5
561,2782,4.0
561,1260,5.0
561,495,4.0
561,1772,4.5
561,2033,4.0
561,1311,4.0
561,3024,4.0
561,3025,4.0
561,202,4.5
561,3597,4.0
561,1671,4.0
561,5854,5.0
561,1000,4.0
561,205,5.0
561,3037,4.0
561,2381,4.0
561,1791,5.0
561,4089,4.0
561,5043,4.5
561,546,5.0
561,630,4.0
561,2083,4.0
561,5855,4.5
561,4622,4.0
561,2089,4.0
561,2134,4.0
561,2091,4.0
561,3217,4.0
561,3050,4.0
561,550,5.0
561,3618,5.0
561,5856,4.0
561,2711,4.0
561,1180,4.0
561,1010,5.0
561,5234,4.5
561,1013,4.0
561,815,4.0
561,4471,4.5
561,1016,5.0
561,559,4.0
561,5857,4.0
561,3069,4.0
561,1020,4.0
561,1688,4.0
561,2140,5.0
561,3072,4.5
561,828,4.0
561,3083,5.0
561,3086,4.0
561,3089,4.0
561,5858,4.0
561,3093,4.0
561,5859,4.0
561,3099,4.0
562,354,5.0
562,333,4.0
562,3,4.0
562,4,5.0
562,339,5.0
562,1265,4.0
562,402,4.0
562,16,4.0
562,512,4.0
562,415,4.0
562,416,4.0
562,20,4.0
562,340,4.0
562,613,4.0
562,22,5.0
562,26,5.0
563,344,4.0
563,346,4.0
563,347,5.0
563,350,5.0
563,332,4.0
563,354,4.0
563,585,4.0
563,4,5.0
563,6,5.0
563,370,5.0
563,7,4.0
563,1270,4.0
563,1199,4.0
563,1200,4.0
563,384,4.0
563,388,4.0
563,511,5.0
563,337,5.0
563,237,5.0
563,608,4.0
563,339,4.0
563,400,4.0
563,402,5.0
563,240,4.0
563,16,5.0
563,18,4.0
563,242,4.0
563,415,4.0
563,1342,4.0
563,422,5.0
563,20,4.0
563,21,4.0
563,1202,4.0
563,427,4.0
563,613,4.0
563,22,5.0
563,614,4.0
563,648,4.0
563,24,4.0
563,26,4.0
563,462,4.0
563,443,4.0
564,267,4.5
564,661,4.0
564,3641,5.0
564,2578,4.5
564,2218,5.0
564,1769,4.0
564,190,4.5
564,4259,5.0
564,1627,4.0
564,1892,4.5
564,1901,4.0
564,4436,5.0
564,4982,4.0
564,744,5.0
564,5860,5.0
564,3592,5.0
564,675,4.5
564,1928,4.0
564,5861,5.0
564,1315,4.0
564,1045,5.0
564,5862,4.0
564,3249,4.5
564,204,4.0
564,788,5.0
564,803,4.0
564,5863,5.0
564,5203,4.0
564,1184,4.5
564,819,5.0
564,822,4.5
564,215,4.0
564,1828,4.0
564,2917,4.5
564,5864,4.5
564,5838,5.0
564,5865,4.5
564,1029,4.0
564,844,4.0
564,1086,5.0
564,3954,4.0
565,4,5.0
565,339,4.5
565,16,5.0
565,28,5.0
565,264,5.0
565,1205,5.0
565,1581,4.0
565,76,5.0
565,282,4.0
565,1885,5.0
565,293,4.0
565,3658,5.0
565,172,4.0
565,1616,4.5
565,1170,4.0
565,1314,4.0
565,5406,4.5
566,955,4.0
566,1445,5.0
566,460,5.0
566,509,4.0
566,339,5.0
566,400,4.0
566,403,5.0
566,1268,4.0
566,15,4.0
566,415,5.0
566,419,4.0
566,21,4.0
566,246,4.0
566,26,4.0
566,343,4.0
567,0,4.0
567,607,4.0
567,354,4.0
567,373,4.0
567,460,4.0
567,402,4.0
567,15,4.0
567,16,4.0
567,512,4.0
567,20,4.0
567,22,4.5
567,571,4.0
567,434,4.0
567,30,4.0
567,443,4.0
567,704,4.0
567,679,4.0
567,858,4.0
567,53,4.5
567,54,4.5
567,56,4.0
567,57,4.0
567,58,4.0
567,616,4.0
567,61,4.0
567,70,4.0
567,71,4.0
567,75,4.0
567,1071,4.0
567,864,4.0
567,958,4.0
567,466,4.5
567,86,4.0
567,617,4.0
567,581,4.0
567,285,4.0
567,100,4.0
567,112,4.0
567,139,4.5
567,299,4.0
567,1505,4.0
567,155,4.0
567,163,4.0
567,174,4.0
567,187,4.0
567,196,4.0
567,1301,4.5
567,670,4.0
567,475,4.0
567,1124,4.5
567,479,4.0
567,730,4.0
567,481,4.5
567,524,4.0
567,1639,4.0
567,487,4.0
567,531,4.5
567,3414,4.0
567,743,4.0
567,744,4.0
567,764,4.0
567,1554,4.0
567,1175,4.0
567,508,4.0
568,511,5.0
568,1271,4.0
568,3773,5.0
568,268,4.0
568,685,5.0
568,71,4.0
568,73,4.0
568,5866,5.0
568,3571,4.0
568,3140,4.0
568,1881,4.0
568,1584,5.0
568,1275,5.0
568,1485,5.0
568,5413,5.0
568,5803,4.0
568,1034,4.0
568,5867,4.0
568,2222,5.0
568,146,4.0
568,2580,5.0
568,1887,5.0
568,621,4.0
569,0,4.0
569,350,5.0
569,332,5.0
569,361,4.0
569,646,4.0
569,373,4.0
569,13,5.0
569,1265,4.0
569,402,5.0
569,16,4.0
569,512,4.0
569,20,5.0
569,21,4.0
569,22,5.0
569,614,5.0
569,26,5.0
569,28,4.0
569,30,4.0
569,463,5.0
569,449,4.0
569,615,5.0
569,252,4.0
569,253,5.0
569,254,5.0
569,256,5.0
569,464,5.0
569,857,5.0
569,1162,5.0
569,1092,5.0
569,457,5.0
569,261,5.0
569,858,5.0
569,263,5.0
569,1349,4.0
569,55,4.0
569,1713,5.0
569,654,5.0
569,56,5.0
569,58,4.0
569,1163,5.0
569,60,5.0
569,61,5.0
569,63,4.0
569,682,5.0
569,269,5.0
569,683,4.0
569,658,5.0
569,1053,5.0
569,684,5.0
569,1578,5.0
569,659,5.0
569,270,5.0
569,660,5.0
569,271,4.0
569,1096,5.0
569,663,5.0
569,1165,5.0
569,664,5.0
569,1097,5.0
569,274,5.0
569,75,4.0
569,2311,5.0
569,1700,4.0
569,665,4.0
569,1583,5.0
569,1352,5.0
569,710,4.0
569,712,4.0
569,1275,5.0
569,1206,4.0
569,1071,4.0
569,1487,4.0
569,1488,4.0
569,467,5.0
569,277,4.0
569,1363,4.0
569,1364,4.0
569,516,4.0
569,200,5.0
569,280,4.0
569,1168,5.0
569,3361,5.0
569,1032,5.0
569,1033,5.0
569,94,4.0
569,1941,5.0
569,2675,4.0
569,715,5.0
569,4248,5.0
569,1759,5.0
569,100,5.0
569,3843,5.0
569,2676,4.0
569,1372,4.0
569,3647,5.0
569,1375,5.0
569,912,5.0
569,873,4.0
569,2106,4.0
569,1242,4.0
569,5868,4.0
569,3875,5.0
569,470,4.0
569,2722,4.0
569,152,4.0
569,878,4.0
569,1610,5.0
569,3785,5.0
569,1726,5.0
569,4135,4.0
569,1103,5.0
569,3786,5.0
569,1887,4.0
569,5869,5.0
569,1951,5.0
569,5870,5.0
569,1104,5.0
569,471,4.0
569,5871,4.0
569,5088,4.0
569,1411,4.0
570,0,5.0
570,344,4.5
570,2,4.5
570,955,4.5
570,3,5.0
570,4,5.0
570,368,5.0
570,6,5.0
570,9,5.0
570,460,5.0
570,11,5.0
570,13,5.0
570,647,5.0
570,339,5.0
570,400,4.0
570,402,4.5
570,14,5.0
570,16,4.5
570,413,4.5
570,415,5.0
570,416,4.5
570,20,4.5
570,21,5.0
570,427,5.0
570,1771,5.0
570,246,4.5
570,571,5.0
570,27,4.5
570,28,4.5
570,343,4.5
570,462,4.5
570,32,4.5
570,443,4.5
570,650,4.5
570,444,5.0
570,1346,4.5
570,615,5.0
570,34,4.0
570,679,5.0
570,48,4.5
570,49,4.5
570,50,4.5
570,55,4.5
570,653,5.0
570,654,4.0
570,56,5.0
570,58,5.0
570,616,4.0
570,61,5.0
570,62,4.5
570,63,4.5
570,269,4.5
570,68,4.5
570,271,4.0
570,71,4.5
570,664,4.0
570,73,4.5
570,75,5.0
570,1483,4.5
570,2626,4.0
570,1275,4.5
570,1485,4.5
570,1359,5.0
570,80,4.5
570,864,4.5
570,82,4.5
570,958,4.5
570,86,4.5
570,1491,5.0
570,1236,4.0
570,584,4.5
570,97,5.0
570,619,4.5
570,100,5.0
570,5872,4.0
570,112,5.0
570,1594,4.5
570,124,5.0
570,1723,4.5
570,136,4.5
570,138,5.0
570,139,5.0
570,1248,5.0
570,144,4.0
570,298,4.0
570,150,4.5
570,963,4.5
570,152,5.0
570,299,4.0
570,300,5.0
570,158,4.5
570,879,5.0
570,2696,4.5
570,163,5.0
570,164,4.5
570,689,4.5
570,471,5.0
570,886,5.0
570,186,5.0
570,188,4.0
570,927,4.5
570,1412,4.0
570,601,4.5
570,2014,4.5
570,196,4.5
570,1299,4.0
570,5873,4.0
570,605,4.5
570,1421,5.0
570,2592,4.0
570,670,5.0
570,324,5.0
570,725,5.0
570,475,4.5
570,2264,4.0
570,978,4.5
570,625,4.5
570,1894,4.5
570,1302,5.0
570,1124,4.5
570,477,4.0
570,939,4.0
570,479,5.0
570,1125,5.0
570,1073,4.0
570,3018,5.0
570,518,4.0
570,4435,4.5
570,730,5.0
570,481,4.5
570,1552,5.0
570,484,4.5
570,485,4.0
570,1904,4.5
570,1907,4.5
570,487,4.0
570,488,4.5
570,1305,4.5
570,737,4.0
570,1254,4.0
570,1171,4.5
570,489,5.0
570,3549,4.0
570,1979,4.5
570,201,4.5
570,491,4.0
570,492,5.0
570,2782,4.5
570,1915,4.5
570,4272,4.5
570,493,4.0
570,696,4.0
570,2226,4.0
570,495,4.5
570,496,4.0
570,1772,5.0
570,747,4.5
570,497,4.0
570,1648,4.5
570,748,5.0
570,500,4.5
570,501,4.5
570,4439,4.0
570,4424,5.0
570,1777,4.5
570,1778,4.5
570,626,4.5
570,540,4.5
570,1311,5.0
570,1076,5.0
570,754,4.5
570,2208,4.0
570,1780,4.5
570,1652,4.0
570,5874,4.0
570,763,4.5
570,764,5.0
570,5875,4.5
570,627,4.0
570,1147,5.0
570,676,4.0
570,203,5.0
570,1175,4.5
570,628,5.0
570,508,4.5
570,1149,4.0
570,1667,4.5
570,1078,4.5
570,2233,4.5
570,1654,5.0
570,2059,4.5
570,998,4.5
570,1860,4.5
570,1316,4.0
570,1671,5.0
570,204,5.0
570,1000,4.5
570,777,4.5
570,1154,4.5
570,2665,4.0
570,677,4.5
570,3034,4.5
570,1156,5.0
570,1788,5.0
570,2830,4.0
570,2073,4.0
570,629,4.5
570,2074,5.0
570,1320,4.5
570,3215,4.0
570,206,5.0
570,698,4.5
570,2077,4.5
570,545,4.5
570,1680,4.5
570,1681,4.0
570,2082,4.5
570,1080,5.0
570,1682,4.5
570,789,5.0
570,207,4.5
570,794,4.5
570,678,5.0
570,208,5.0
570,699,5.0
570,1800,4.5
570,1801,4.5
570,211,5.0
570,2099,5.0
570,801,5.0
570,3261,4.0
570,802,4.0
570,2100,4.5
570,803,5.0
570,551,5.0
570,1009,4.5
570,1870,5.0
570,2251,4.5
570,2252,4.5
570,556,5.0
570,1807,5.0
570,811,5.0
570,812,5.0
570,2258,5.0
570,814,5.0
570,638,5.0
570,820,5.0
570,823,4.5
571,3,5.0
571,6,5.0
571,373,4.0
571,1270,4.0
571,382,4.0
571,11,5.0
571,396,4.0
571,400,4.0
571,402,5.0
571,403,4.0
571,405,4.0
571,1268,5.0
571,416,4.0
571,419,4.0
571,246,5.0
571,28,5.0
571,343,4.0
572,339,5.0
572,5876,5.0
572,271,5.0
572,5808,4.0
572,138,5.0
572,4432,4.0
572,1379,4.0
572,139,4.0
572,140,4.0
572,591,4.0
572,296,4.0
572,1380,4.0
572,297,4.0
572,5877,5.0
573,657,4.0
573,2570,4.0
573,1881,4.0
573,1358,5.0
573,2654,5.0
573,140,4.5
573,877,4.0
573,154,4.5
573,967,4.5
574,2,4.0
574,6,4.0
574,13,5.0
574,402,5.0
574,16,5.0
574,242,4.0
574,416,4.0
574,20,4.0
574,21,5.0
574,22,5.0
574,26,5.0
574,28,4.0
574,615,5.0
574,254,5.0
574,256,5.0
574,258,5.0
574,3772,4.0
574,1092,4.0
574,3349,4.0
574,53,4.0
574,465,4.0
574,2568,4.0
574,1713,4.0
574,58,4.0
574,267,4.0
574,61,4.0
574,62,4.0
574,63,4.0
574,64,4.0
574,682,4.0
574,65,4.0
574,269,4.0
574,1351,5.0
574,68,4.0
574,270,5.0
574,2112,4.0
574,1096,5.0
574,686,4.0
574,71,5.0
574,1165,5.0
574,72,4.0
574,1097,5.0
574,75,4.0
574,1700,4.0
574,1166,4.0
574,1275,5.0
574,1071,4.0
574,466,4.0
574,1493,4.0
574,3573,4.0
574,1167,5.0
574,94,4.0
574,2114,4.0
574,715,4.0
574,96,4.0
574,1759,4.0
574,1367,4.0
574,100,5.0
574,108,5.0
574,5076,4.0
574,1369,4.0
574,688,4.0
574,2676,4.0
574,1597,4.0
574,218,4.0
574,1602,4.0
574,129,4.0
574,1502,4.0
574,137,5.0
574,144,4.0
574,918,4.0
574,159,4.0
574,160,5.0
574,162,4.0
574,5714,4.0
574,165,4.0
574,882,5.0
574,1733,4.0
574,5878,4.0
574,2584,5.0
574,199,4.0
575,447,4.0
575,2678,4.5
575,3366,4.5
575,5879,4.5
575,2180,4.0
575,5880,4.0
575,537,5.0
575,4489,5.0
575,2048,4.5
575,2194,5.0
575,5189,4.0
575,5881,4.0
575,3603,4.5
575,5666,4.5
575,5882,4.5
575,790,5.0
575,794,4.5
575,5883,4.0
575,2135,5.0
575,549,5.0
576,0,4.0
576,350,5.0
576,895,4.0
576,6,5.0
576,378,5.0
576,16,5.0
576,413,5.0
576,18,4.0
576,21,4.0
576,427,5.0
576,22,5.0
576,343,5.0
576,434,5.0
576,444,5.0
576,449,5.0
576,249,5.0
576,899,4.0
576,1488,5.0
576,82,5.0
576,958,4.0
576,2691,4.0
576,578,5.0
576,617,5.0
576,2320,5.0
576,905,4.0
576,3866,5.0
576,528,4.0
576,1493,4.0
576,468,4.0
576,584,5.0
576,109,4.0
576,716,4.0
576,912,4.0
576,873,5.0
576,1499,4.0
576,4358,4.0
576,2678,4.0
576,139,5.0
576,297,5.0
576,915,5.0
576,2722,4.0
576,878,4.0
576,967,4.0
576,471,5.0
576,309,5.0
576,177,4.0
576,5884,4.0
576,314,5.0
576,968,4.0
576,1249,4.0
577,2,4.0
577,349,4.5
577,351,4.0
577,607,4.0
577,354,5.0
577,3,5.0
577,4,5.0
577,1476,5.0
577,6,4.5
577,646,4.0
577,1448,4.0
577,13,4.0
577,647,5.0
577,339,5.0
577,400,4.0
577,402,5.0
577,403,4.0
577,404,4.0
577,409,4.0
577,16,4.0
577,21,4.0
577,428,4.0
577,648,5.0
577,571,4.0
577,26,4.0
577,28,4.5
577,30,4.0
577,650,4.0
577,704,5.0
577,3487,4.5
577,615,4.5
577,679,4.0
577,858,4.0
577,49,5.0
577,50,5.0
577,51,4.0
577,54,4.0
577,55,5.0
577,1713,4.0
577,654,4.0
577,56,4.0
577,58,4.5
577,655,4.0
577,616,4.5
577,681,4.0
577,59,4.0
577,61,4.0
577,62,4.0
577,63,4.0
577,682,4.0
577,65,5.0
577,269,4.0
577,709,4.0
577,272,4.0
577,75,4.0
577,1549,4.0
577,3140,4.0
577,710,4.0
577,587,4.0
577,712,4.0
577,1276,4.0
577,864,4.5
577,958,4.0
577,84,4.0
577,86,4.0
577,617,4.0
577,1490,4.0
577,1235,4.5
577,200,4.5
577,580,4.0
577,713,4.5
577,87,4.5
577,581,4.0
577,2325,5.0
577,1493,4.0
577,1111,4.5
577,584,4.0
577,715,4.0
577,1112,4.5
577,100,5.0
577,2576,4.0
577,1594,4.5
577,2655,4.0
577,124,4.0
577,2151,4.5
577,138,4.5
577,139,5.0
577,2152,4.0
577,2688,4.0
577,143,4.0
577,470,4.0
577,149,4.0
577,151,4.0
577,3897,4.0
577,299,4.5
577,1610,4.0
577,154,4.0
577,155,5.0
577,158,4.5
577,719,5.0
577,163,5.0
577,720,4.0
577,309,4.0
577,1398,4.0
577,2586,4.0
577,721,4.5
577,599,4.5
577,890,4.0
577,1284,4.0
577,1889,5.0
577,187,4.0
577,191,4.5
577,192,4.0
577,196,4.5
577,4247,4.0
577,1627,4.5
577,319,4.5
577,605,4.0
577,930,4.0
577,933,4.5
577,322,4.0
577,1417,4.0
577,2157,4.0
577,606,4.0
577,670,5.0
577,1063,4.0
577,324,4.0
577,725,4.0
577,475,4.0
577,1251,4.0
577,1039,4.0
577,2109,4.5
577,1124,4.0
577,1517,4.0
577,478,4.0
577,671,4.5
577,479,4.5
577,518,4.0
577,947,4.0
577,731,4.5
577,481,4.5
577,1523,4.5
577,733,4.0
577,1900,4.5
577,1525,4.0
577,1041,4.0
577,734,4.5
577,4129,4.0
577,1552,5.0
577,484,4.5
577,1903,4.0
577,693,4.5
577,5885,4.0
577,736,5.0
577,487,4.5
577,488,5.0
577,737,4.5
577,1171,4.5
577,1127,4.0
577,489,4.0
577,5886,4.0
577,3727,4.0
577,1042,5.0
577,5887,4.5
577,201,5.0
577,982,5.0
577,1983,4.5
577,2225,4.0
577,1259,4.0
577,491,4.0
577,492,4.0
577,1915,4.0
577,744,4.0
577,2784,4.0
577,1043,4.5
577,1133,4.5
577,986,4.0
577,1070,4.0
577,1553,5.0
577,989,4.5
577,5888,4.5
577,497,4.0
577,5889,4.5
577,1924,4.0
577,499,5.0
577,748,4.5
577,501,4.5
577,4144,4.0
577,3481,4.0
577,1140,4.5
577,1777,5.0
577,991,4.0
577,4899,5.0
577,626,5.0
577,540,5.0
577,2229,4.0
577,503,4.0
577,1143,5.0
577,3308,4.0
577,5728,4.0
577,756,4.0
577,757,4.0
577,759,4.0
577,1780,4.0
577,760,4.5
577,761,4.5
577,763,4.0
577,2231,4.5
577,2818,4.0
577,505,4.5
577,764,4.5
577,3566,4.0
577,203,4.5
577,1175,5.0
577,508,4.5
577,4445,4.5
577,1078,5.0
577,2233,5.0
577,1860,4.5
577,1530,5.0
577,769,5.0
577,1151,4.5
578,402,5.0
578,16,4.5
578,22,5.0
578,200,4.0
578,716,4.5
578,299,4.5
578,163,4.5
578,174,5.0
578,624,4.5
578,1301,4.5
578,670,4.5
578,475,4.5
578,477,4.5
578,329,5.0
578,479,4.5
578,480,4.5
578,730,4.5
578,483,5.0
578,484,4.5
578,735,5.0
578,737,4.5
578,492,4.5
578,744,5.0
578,987,4.5
578,760,4.5
578,777,4.0
578,677,4.0
578,545,4.0
578,208,4.5
578,549,4.5
578,552,4.5
578,638,4.5
578,214,4.5
578,826,4.0
578,642,4.0
579,13,4.0
579,28,4.0
579,56,4.0
579,139,5.0
579,163,4.0
579,670,4.0
579,987,4.5
579,994,4.5
579,203,4.0
579,508,4.5
579,1655,4.0
579,204,4.5
579,777,4.5
579,677,4.0
579,206,4.0
579,698,4.5
579,1003,4.5
579,207,4.0
579,1683,4.5
579,548,5.0
579,208,5.0
579,1865,4.0
579,2093,4.0
579,1798,5.0
579,801,4.0
579,1008,5.0
579,803,5.0
579,805,4.0
579,551,4.5
579,1009,4.0
579,1806,4.0
579,552,5.0
579,2252,4.0
579,556,4.5
579,812,4.5
579,2258,4.5
579,636,4.5
579,819,4.0
579,638,4.5
579,641,4.5
579,642,4.0
580,585,5.0
580,10,4.0
580,896,4.5
580,339,4.0
580,401,4.0
580,16,4.0
580,343,4.0
580,580,4.0
580,528,4.0
580,590,5.0
580,2769,4.0
580,931,4.0
580,595,4.0
580,1308,4.0
580,1683,4.0
580,2091,4.0
580,3058,4.0
580,4492,4.0
580,3094,4.0
581,0,5.0
581,955,5.0
581,351,4.0
581,3,5.0
581,895,5.0
581,359,5.0
581,6,5.0
581,373,5.0
581,374,5.0
581,375,5.0
581,1270,5.0
581,460,5.0
581,1289,4.0
581,509,5.0
581,510,5.0
581,3165,4.0
581,1199,5.0
581,4123,4.0
581,1448,4.0
581,1291,4.0
581,382,5.0
581,1336,4.0
581,384,4.0
581,385,5.0
581,388,4.0
581,586,4.0
581,389,5.0
581,337,5.0
581,609,5.0
581,396,5.0
581,399,5.0
581,401,4.0
581,403,4.0
581,4127,4.0
581,405,4.0
581,15,5.0
581,407,5.0
581,16,5.0
581,413,5.0
581,415,5.0
581,416,5.0
581,1458,4.0
581,419,5.0
581,420,5.0
581,1342,5.0
581,422,5.0
581,20,4.0
581,340,5.0
581,425,4.0
581,21,5.0
581,427,5.0
581,428,5.0
581,614,5.0
581,1771,4.0
581,433,5.0
581,246,4.0
581,571,5.0
581,26,5.0
581,28,4.0
581,343,5.0
581,443,5.0
582,349,5.0
582,1477,4.0
582,646,4.5
582,513,4.5
582,339,5.0
582,1216,5.0
582,702,4.0
582,703,5.0
582,615,5.0
582,253,4.0
582,50,4.5
582,62,5.0
582,65,4.0
582,683,5.0
582,687,4.0
582,276,4.5
582,1357,4.5
582,87,4.0
582,91,4.0
582,282,4.0
582,286,4.0
582,124,5.0
582,3014,4.0
582,136,4.0
582,138,5.0
582,155,4.5
582,163,5.0
582,1397,4.0
582,2154,4.0
582,721,4.0
582,1283,4.0
582,1769,4.5
582,5097,4.0
582,605,5.0
582,324,5.0
582,1894,4.0
582,944,5.0
582,5021,4.5
582,1903,4.0
582,693,5.0
582,493,4.5
582,5890,5.0
582,1777,4.0
582,203,4.5
582,1671,5.0
582,773,5.0
582,1044,4.5
582,204,4.0
582,629,4.5
582,1320,4.0
582,206,5.0
582,207,5.0
582,208,4.0
582,699,4.5
582,1540,4.0
583,344,4.0
583,6,5.0
583,1270,4.5
583,13,4.5
583,400,4.0
583,402,5.0
583,405,4.0
583,242,4.0
583,416,4.5
583,420,4.0
583,20,4.5
583,25,4.5
583,433,4.0
583,246,4.5
583,571,5.0
583,32,4.0
583,1704,4.0
583,1480,4.0
583,48,4.5
583,53,4.0
583,56,4.5
583,58,5.0
583,616,5.0
583,61,4.5
583,70,4.5
583,71,4.5
583,75,4.0
583,710,4.0
583,712,5.0
583,863,4.5
583,1359,4.0
583,958,5.0
583,576,4.0
583,467,4.5
583,200,5.0
583,581,4.0
583,5325,4.0
583,619,5.0
583,105,4.0
583,125,5.0
583,4243,4.0
583,1115,5.0
583,139,5.0
583,158,4.0
583,720,4.0
583,471,4.5
583,174,4.0
583,885,5.0
583,182,4.0
583,187,5.0
583,601,5.0
583,196,5.0
583,4247,4.0
583,931,4.0
583,975,4.0
583,477,5.0
583,1518,4.0
583,478,4.0
583,479,5.0
583,481,4.0
583,979,4.5
583,3920,4.0
583,484,5.0
583,2273,4.0
583,487,5.0
583,488,4.0
583,1305,4.0
583,489,5.0
583,492,5.0
583,987,5.0
583,747,5.0
583,2350,4.5
583,626,4.5
583,992,5.0
583,540,4.0
583,2357,4.0
583,1779,4.5
583,2230,4.5
583,2047,5.0
583,505,5.0
583,506,5.0
583,1663,5.0
583,1315,5.0
583,2736,4.5
583,1655,4.5
583,769,4.5
583,5042,4.5
583,4949,4.0
583,204,4.5
583,777,5.0
583,1154,5.0
583,1787,4.0
583,778,5.0
583,677,5.0
583,3931,5.0
583,2833,5.0
583,2235,4.5
583,4515,4.0
583,206,4.0
583,545,5.0
583,2322,4.0
583,789,4.0
583,1683,5.0
583,795,5.0
583,678,4.5
583,548,5.0
583,3616,4.0
583,1684,4.5
583,4408,4.5
583,2409,4.5
583,5003,5.0
583,1802,5.0
583,4156,5.0
583,5891,4.0
583,803,4.5
583,551,4.5
583,1009,4.0
583,5892,5.0
583,4924,4.0
583,554,5.0
583,1181,4.5
583,3184,5.0
583,2431,4.0
583,3418,5.0
583,811,4.5
583,3186,5.0
583,5893,4.5
583,2258,4.5
583,814,4.0
583,1014,5.0
583,557,4.5
583,3432,4.5
583,1812,5.0
583,560,5.0
583,1184,4.5
583,1816,5.0
583,1019,4.0
583,820,4.5
583,1021,4.5
583,823,5.0
583,1185,4.5
583,5894,5.0
583,1825,5.0
583,3197,5.0
583,5895,4.0
583,641,5.0
583,4197,4.0
583,1024,5.0
583,829,4.5
583,1186,4.0
583,3742,5.0
583,1084,4.5
583,1085,4.5
583,830,5.0
583,1555,5.0
583,1025,5.0
583,831,4.5
583,1828,5.0
583,3085,4.5
583,643,5.0
583,4198,5.0
583,5896,4.5
583,4199,4.0
583,5897,5.0
583,2520,5.0
583,1028,5.0
583,5898,5.0
583,1835,4.0
583,3115,5.0
583,645,4.5
583,1030,4.0
583,844,5.0
583,3121,5.0
583,4940,4.0
583,5899,4.5
583,2667,4.0
583,3953,5.0
583,1089,4.0
583,1848,5.0
584,0,5.0
584,347,4.0
584,332,4.0
584,354,5.0
584,4,5.0
584,335,5.0
584,370,4.0
584,12,4.0
584,384,5.0
584,388,4.0
584,339,5.0
584,403,4.0
584,239,4.0
584,240,4.0
584,16,4.0
584,3628,4.0
584,416,4.0
584,418,4.0
584,420,4.0
584,4133,4.0
584,1202,4.0
584,427,5.0
584,429,5.0
584,2302,4.0
584,614,4.0
584,433,5.0
584,26,5.0
584,434,4.0
584,1877,5.0
584,5900,4.0
584,449,4.0
584,250,4.0
584,255,4.0
584,1708,4.0
584,857,4.0
584,2671,4.0
584,900,4.0
584,48,4.0
584,261,4.0
584,858,4.0
584,49,4.0
584,1752,5.0
584,1878,5.0
584,465,4.0
584,4410,4.0
584,2111,5.0
584,3891,4.0
584,654,5.0
584,658,5.0
584,684,4.0
584,1578,4.0
584,3446,4.0
584,1580,4.0
584,271,4.0
584,71,5.0
584,2311,4.0
584,1190,5.0
584,1352,5.0
584,710,4.0
584,711,4.0
584,862,4.0
584,1353,4.0
584,712,4.0
584,1484,4.0
584,863,4.0
584,957,5.0
584,958,4.0
584,576,4.0
584,1361,4.0
584,277,4.0
584,1058,5.0
584,2721,4.0
584,281,4.0
584,3986,4.0
584,2675,5.0
584,96,4.0
584,618,4.0
584,3491,4.0
584,1246,4.0
584,98,4.0
584,906,4.0
584,3146,4.0
584,2008,4.0
584,1100,5.0
584,3450,5.0
584,3843,4.0
584,5806,4.0
584,2654,4.0
584,716,5.0
584,3647,5.0
584,1375,5.0
584,4243,4.0
584,873,5.0
584,129,4.0
584,1101,4.0
584,3844,5.0
584,4011,4.0
584,133,4.0
584,4358,4.0
584,139,4.0
584,1381,5.0
584,914,5.0
584,151,5.0
584,2722,4.0
584,1504,4.0
584,5901,4.0
584,3455,4.0
584,153,5.0
584,155,5.0
584,302,4.0
584,879,4.0
584,3876,4.0
584,168,4.0
584,1103,5.0
584,967,5.0
584,471,4.0
584,5902,4.0
584,885,5.0
584,2679,4.0
584,3903,5.0
584,1407,5.0
584,1170,4.0
584,3906,4.0
584,5903,4.0
584,3507,5.0
584,5904,4.0
584,2639,5.0
584,5905,4.0
584,1737,4.0
584,3869,4.0
584,182,4.0
584,5906,4.0
584,1106,5.0
584,3461,4.0
584,3848,4.0
584,890,4.0
585,2,5.0
585,349,4.0
585,4,5.0
585,6,5.0
585,1270,4.0
585,460,4.0
585,3006,4.0
585,513,5.0
585,339,5.0
585,1265,4.0
585,402,5.0
585,14,4.0
585,15,4.0
585,1216,4.0
585,20,5.0
585,22,4.0
585,28,5.0
585,32,4.0
585,704,5.0
586,607,5.0
586,334,5.0
586,646,5.0
586,373,4.0
586,11,4.0
586,12,4.0
586,1201,5.0
586,609,4.0
586,339,5.0
586,402,5.0
586,404,5.0
586,239,4.0
586,16,5.0
586,512,4.0
586,4295,4.0
586,611,5.0
586,422,4.0
586,1693,4.0
586,428,4.0
586,613,4.0
586,22,5.0
586,433,5.0
586,26,5.0
586,28,5.0
586,443,5.0
586,444,5.0
586,1346,4.0
586,262,4.0
586,53,4.0
587,0,4.0
587,4,4.5
587,6,4.0
587,646,4.0
587,373,4.5
587,1270,4.0
587,13,5.0
587,339,4.5
587,402,4.5
587,16,5.0
587,413,4.5
587,702,4.0
587,420,4.0
587,20,4.0
587,21,4.0
587,428,4.0
587,2301,4.5
587,22,5.0
587,648,4.5
587,25,4.0
587,246,4.0
587,571,4.5
587,342,5.0
587,343,4.5
587,29,4.0
587,30,4.0
587,463,4.5
587,444,4.0
587,615,5.0
587,250,4.0
587,855,4.5
587,253,5.0
587,254,5.0
587,2748,4.0
587,255,5.0
587,256,5.0
587,651,4.5
587,257,4.0
587,34,5.0
587,258,5.0
587,514,4.0
587,35,4.0
587,464,5.0
587,2143,4.0
587,1751,4.0
587,259,4.0
587,857,4.0
587,36,5.0
587,1709,4.0
587,1710,4.0
587,1162,5.0
587,38,5.0
587,1711,4.0
587,1092,4.5
587,899,4.5
587,44,4.0
587,901,4.5
587,679,4.0
587,858,4.5
587,262,4.0
587,263,4.5
587,50,4.0
587,53,4.5
587,654,4.5
587,56,5.0
587,57,4.5
587,58,5.0
587,616,4.5
587,681,4.5
587,267,5.0
587,1163,4.5
587,656,5.0
587,60,4.5
587,61,4.5
587,706,4.5
587,62,4.0
587,63,4.5
587,268,5.0
587,64,4.0
587,682,5.0
587,1351,4.0
587,1053,4.5
587,684,4.0
587,68,4.5
587,1164,4.0
587,708,4.0
587,659,4.0
587,1274,4.0
587,270,5.0
587,2112,5.0
587,1714,4.0
587,685,4.0
587,1096,4.5
587,70,4.0
587,272,4.5
587,71,4.5
587,1165,4.5
587,664,5.0
587,73,4.0
587,273,5.0
587,1097,4.5
587,75,4.0
587,1700,4.0
587,1190,4.0
587,1583,4.5
587,3571,4.5
587,710,4.5
587,572,4.0
587,862,4.0
587,712,4.5
587,1275,4.5
587,467,4.5
587,277,4.0
587,87,4.0
587,1168,5.0
587,284,4.0
587,3361,4.0
587,94,4.5
587,3145,4.0
587,715,4.0
587,2115,4.0
587,1699,4.0
587,1589,4.0
587,97,4.0
587,2150,4.0
587,100,4.0
587,106,4.5
587,869,4.0
587,908,4.0
587,1034,4.0
587,289,4.0
587,688,4.0
587,1722,4.0
587,121,4.0
587,517,4.0
587,1372,4.0
587,716,4.0
587,873,4.0
587,2620,5.0
587,717,4.0
587,718,4.0
587,137,5.0
587,1102,4.0
587,139,4.0
587,144,4.0
587,145,4.0
587,3783,4.5
587,151,4.0
587,3655,4.5
587,153,4.5
587,918,4.0
587,3658,4.0
587,879,4.0
587,3341,4.0
587,159,4.0
587,160,4.5
587,161,4.0
587,162,4.0
587,719,4.0
587,169,4.0
587,882,4.0
587,173,4.5
587,1851,4.0
587,174,4.5
587,1507,4.0
587,311,4.0
587,1401,4.0
587,721,4.0
587,1120,4.0
587,1407,4.0
587,313,4.0
587,888,4.0
587,1737,4.0
587,1106,4.5
587,2118,4.5
587,890,4.5
587,1766,4.0
587,315,4.0
587,1411,4.0
587,187,4.5
587,1107,4.0
587,1559,4.0
587,2767,4.0
587,601,4.0
587,4403,4.5
587,605,4.0
587,933,4.0
587,1417,4.0
587,3375,4.0
587,725,4.5
587,475,4.0
587,1424,4.0
587,3686,4.5
587,3514,4.5
587,1438,4.0
587,479,4.5
587,480,4.0
587,518,4.0
587,484,5.0
587,3396,4.0
587,489,4.0
587,4019,4.0
587,739,4.0
587,741,4.0
587,201,4.0
587,4023,4.0
587,4024,4.0
587,1854,4.5
587,492,4.5
587,5907,4.0
587,5758,4.5
587,1043,4.0
587,5908,4.0
587,1855,4.0
587,5503,4.0
587,987,4.0
587,3817,4.0
587,501,4.0
587,3821,4.0
587,1140,4.0
587,1141,4.0
587,5531,4.5
587,1777,4.0
587,1310,4.0
587,540,4.0
587,2192,4.0
587,203,4.0
587,1664,4.0
587,508,4.0
587,4166,4.0
587,4506,4.5
587,1655,4.0
587,1044,4.0
587,204,4.5
587,677,4.0
587,3982,4.0
587,1159,4.5
587,629,4.0
587,1176,4.0
587,206,4.5
587,698,4.0
587,545,4.0
587,1681,4.0
587,1003,4.0
587,1080,4.0
587,1081,4.0
587,3611,4.0
587,3614,4.0
587,2136,4.0
587,1798,4.0
587,700,4.0
588,513,4.0
588,13,5.0
588,16,4.0
588,242,5.0
588,61,5.0
588,912,4.0
588,873,4.0
588,139,5.0
588,591,4.0
588,143,5.0
588,298,5.0
588,592,4.0
588,152,4.0
588,299,4.0
588,878,4.0
588,1389,4.0
588,471,5.0
588,314,4.0
588,2762,4.0
588,187,5.0
588,1249,4.0
588,196,4.0
588,602,5.0
588,473,4.0
589,344,4.0
589,348,4.0
589,1475,4.0
589,352,4.0
589,585,4.0
589,6,5.0
589,373,5.0
589,374,4.0
589,1270,4.0
589,9,5.0
589,3485,5.0
589,1448,4.0
589,511,4.0
589,647,4.0
589,339,4.0
589,400,4.0
589,401,4.0
589,402,4.0
589,405,5.0
589,1268,4.0
589,15,4.0
589,409,4.0
589,16,5.0
589,413,5.0
589,18,4.0
589,416,5.0
589,1342,4.0
589,20,5.0
589,21,5.0
589,3626,4.0
589,427,5.0
589,2566,4.0
589,614,5.0
589,25,5.0
589,1771,4.0
589,433,4.0
589,246,5.0
589,571,5.0
589,26,4.0
589,27,5.0
589,28,5.0
589,343,5.0
589,1271,4.0
589,462,4.0
589,32,5.0
589,444,5.0
590,333,4.0
590,355,4.0
590,4,4.5
590,370,4.0
590,13,5.0
590,402,4.5
590,16,4.0
590,614,4.0
590,28,4.0
590,30,4.5
590,615,5.0
590,249,4.0
590,256,5.0
590,257,4.0
590,266,5.0
590,56,5.0
590,61,4.5
590,682,4.0
590,663,4.0
590,2313,5.0
590,1206,4.0
590,2562,4.0
590,1357,4.0
590,84,4.0
590,580,4.0
590,3647,4.5
590,873,5.0
590,153,4.0
590,155,4.5
590,163,4.0
590,314,4.0
590,187,5.0
590,319,4.5
590,479,4.5
590,480,4.0
590,484,4.0
590,1906,5.0
590,5040,4.0
590,1259,4.5
590,492,4.5
590,1310,4.0
590,1076,4.5
590,760,4.0
591,344,4.0
591,1,4.0
591,347,5.0
591,350,4.0
591,1211,4.5
591,585,4.5
591,357,4.5
591,895,4.5
591,6,5.0
591,2293,4.5
591,371,4.0
591,374,4.5
591,375,5.0
591,460,4.5
591,3165,4.0
591,4123,4.5
591,1448,5.0
591,513,4.0
591,388,5.0
591,5253,4.5
591,5909,4.5
591,4049,4.5
591,399,4.5
591,400,4.0
591,401,4.0
591,403,4.0
591,405,5.0
591,413,5.0
591,18,4.0
591,242,4.0
591,415,4.5
591,416,4.5
591,5724,4.5
591,1342,5.0
591,20,4.5
591,21,5.0
591,1470,5.0
591,1202,4.0
591,613,4.0
591,614,5.0
591,24,5.0
591,1771,5.0
591,433,5.0
591,246,4.5
591,571,5.0
591,27,4.5
591,28,5.0
591,342,4.0
591,343,5.0
591,434,5.0
591,462,5.0
591,1548,5.0
591,443,4.0
591,4737,4.0
591,444,4.5
591,1704,5.0
591,3487,5.0
591,615,4.0
591,34,4.0
591,258,4.5
591,5653,4.5
591,679,5.0
591,902,4.5
591,266,4.5
591,61,4.0
591,63,4.0
591,64,4.0
591,269,4.0
591,68,5.0
591,1352,5.0
591,1483,4.5
591,1206,5.0
591,1208,4.0
591,1356,4.5
591,5910,5.0
591,1488,4.5
591,958,4.5
591,5911,4.0
591,578,4.5
591,4429,4.5
591,5912,4.0
591,5913,4.5
591,1490,4.5
591,3638,4.0
591,5914,4.0
591,580,4.5
591,279,5.0
591,1365,5.0
591,1098,4.5
591,468,4.5
591,584,4.0
591,96,4.5
591,618,4.5
591,3491,5.0
591,100,4.0
591,105,4.5
591,5848,4.0
591,2006,4.5
591,5915,4.5
591,5916,5.0
591,121,4.0
591,5917,5.0
591,3881,4.0
591,128,4.0
591,873,4.0
591,961,5.0
591,4342,4.5
591,875,4.5
591,139,5.0
591,143,4.0
591,144,4.0
591,470,5.0
591,151,4.0
591,593,4.0
591,4073,4.0
591,299,4.0
591,5918,5.0
591,5919,5.0
591,1392,5.0
591,164,4.5
591,4434,4.5
591,3882,4.5
591,1402,5.0
591,3904,4.5
591,5920,4.5
591,187,4.5
591,3498,4.5
591,196,4.5
591,5820,4.5
591,1299,4.5
591,2017,5.0
591,3529,4.5
591,2018,5.0
591,4222,5.0
591,5921,4.5
591,2658,4.5
591,5922,4.5
591,5923,4.5
591,3535,5.0
591,5924,4.0
591,3406,5.0
591,1520,4.5
591,5294,5.0
591,946,4.5
591,5925,4.0
591,5452,4.5
591,595,4.5
591,5926,4.5
591,3545,4.5
591,1977,5.0
591,5927,5.0
591,2025,5.0
591,1304,4.0
591,487,4.5
591,1305,5.0
591,5928,4.0
591,5929,5.0
591,5930,4.0
591,5931,4.5
591,5932,4.0
591,1979,5.0
591,3550,5.0
591,5933,4.0
591,5934,5.0
591,5935,4.0
591,5936,5.0
591,5937,4.5
591,5938,4.0
591,5939,4.0
591,532,4.5
591,534,5.0
591,5402,4.5
591,5940,4.0
591,5941,4.5
591,5942,4.5
591,5943,4.0
591,1135,4.5
591,5590,4.5
591,537,4.0
591,496,5.0
591,3561,5.0
591,5944,4.0
591,2034,4.5
591,538,5.0
591,3411,4.5
592,4,5.0
592,237,5.0
592,3230,4.0
592,613,5.0
592,444,4.0
592,1752,4.0
592,1577,4.0
592,655,5.0
592,73,5.0
592,1883,5.0
592,3448,4.0
592,106,4.0
592,3647,4.0
592,125,4.0
592,873,5.0
592,143,4.0
592,152,5.0
593,0,4.0
593,333,4.0
593,585,4.0
593,13,4.0
593,413,4.0
593,22,4.0
593,648,4.0
593,2551,4.0
593,28,4.0
593,343,4.0
593,436,4.0
593,253,4.5
593,34,4.0
593,464,4.0
593,900,4.0
593,901,4.0
593,679,4.0
593,260,4.0
593,53,4.0
593,55,4.0
593,2215,4.5
593,61,4.0
593,63,4.0
593,71,4.0
593,710,4.5
593,712,4.0
593,1484,4.0
593,863,4.0
593,905,4.5
593,200,4.0
593,1586,4.5
593,528,4.0
593,869,4.0
593,218,5.0
593,4243,4.0
593,1101,4.0
593,139,4.0
593,915,4.0
593,149,4.0
593,299,4.0
593,163,4.0
593,666,5.0
593,171,4.0
593,5945,4.0
593,886,4.0
593,721,4.0
593,1121,4.0
593,5946,4.0
593,196,4.0
593,318,4.0
593,319,4.0
593,670,4.5
593,475,4.0
593,5947,4.5
593,3579,4.0
593,625,4.5
593,1124,5.0
593,671,4.0
593,479,4.0
593,2023,4.5
593,482,4.5
593,1552,4.0
593,673,5.0
593,487,4.0
593,694,4.5
593,737,4.0
593,1171,4.0
593,982,4.0
593,5948,4.5
593,1648,4.5
593,501,4.0
593,5949,4.0
593,674,4.0
593,697,5.0
593,5950,5.0
593,540,4.0
593,1143,4.0
593,755,4.0
593,759,4.5
593,1650,4.0
593,2735,4.0
593,628,4.0
593,1667,4.5
593,769,4.0
593,775,5.0
593,204,4.0
593,5951,4.0
593,5952,4.0
593,778,4.0
593,677,4.5
593,1320,4.0
593,698,4.0
593,1080,4.5
593,5953,4.0
593,631,4.0
593,1683,4.5
593,208,4.0
593,5954,4.0
593,2093,4.0
593,1798,4.0
593,802,4.0
593,554,4.0
593,5955,4.0
593,3219,4.0
593,1182,4.0
593,1183,4.0
593,3418,4.0
593,2258,4.0
593,815,4.0
593,1814,4.5
593,1816,5.0
593,639,4.0
593,5956,4.5
593,5957,4.0
593,5319,4.0
593,1822,4.0
593,1022,4.0
593,215,5.0
593,641,4.5
593,1186,4.0
593,3742,5.0
593,1084,4.0
593,1085,5.0
593,830,4.0
593,1828,4.0
593,5958,4.0
593,5959,4.0
593,5960,4.0
593,642,4.0
593,643,4.5
593,4199,4.5
593,2924,4.5
593,834,4.0
593,3961,4.5
593,2520,4.0
593,1028,4.0
593,3206,4.0
593,5961,4.0
593,645,5.0
593,3306,5.0
593,5962,4.0
593,844,5.0
593,5963,4.5
593,3967,4.0
593,5964,4.0
593,4943,4.0
594,0,4.0
594,332,5.0
594,333,4.0
594,585,4.0
594,2289,5.0
594,3,4.0
594,4,5.0
594,2290,4.0
594,1702,4.0
594,5,5.0
594,368,5.0
594,6,5.0
594,232,4.0
594,234,4.0
594,236,5.0
594,12,4.0
594,1201,5.0
594,13,5.0
594,395,5.0
594,396,4.0
594,4842,5.0
594,241,5.0
594,16,5.0
594,512,5.0
594,242,4.0
594,611,4.0
594,415,4.0
594,3439,4.0
594,420,4.0
594,19,5.0
594,20,5.0
594,340,5.0
594,21,5.0
594,244,4.0
594,1703,5.0
594,427,4.0
594,648,4.0
594,703,5.0
594,1220,4.0
594,433,4.0
594,246,4.0
594,571,5.0
594,27,4.0
594,434,4.0
594,1271,4.0
594,462,4.0
594,650,4.0
594,704,5.0
594,615,5.0
594,251,4.0
594,253,5.0
594,2748,4.0
594,651,4.0
594,34,4.0
594,514,5.0
594,259,4.0
594,857,5.0
594,1709,4.0
594,1162,5.0
594,43,4.0
594,679,4.0
594,45,4.0
594,1189,4.0
594,47,5.0
594,48,5.0
594,261,4.0
594,5048,4.0
594,858,5.0
594,459,4.0
594,262,5.0
594,263,5.0
594,50,4.0
594,51,5.0
594,2672,4.0
594,53,5.0
594,5239,4.0
594,465,5.0
594,5965,4.0
594,1349,5.0
594,1697,4.0
594,2568,5.0
594,4410,4.0
594,55,4.0
594,653,5.0
594,3985,5.0
594,2111,5.0
594,265,4.0
594,3891,5.0
594,2146,4.0
594,1577,5.0
594,266,4.0
594,654,5.0
594,4217,4.0
594,56,5.0
594,57,5.0
594,58,5.0
594,616,5.0
594,681,4.0
594,1163,5.0
594,59,5.0
594,656,5.0
594,60,5.0
594,61,5.0
594,63,5.0
594,1879,4.0
594,64,4.0
594,682,5.0
594,65,5.0
594,269,5.0
594,707,4.0
594,683,5.0
594,658,5.0
594,1351,5.0
594,1053,4.0
594,684,5.0
594,1578,5.0
594,68,4.0
594,1580,5.0
594,709,5.0
594,659,5.0
594,660,5.0
594,1581,5.0
594,271,5.0
594,686,5.0
594,70,5.0
594,663,5.0
594,71,5.0
594,1165,5.0
594,72,4.0
594,73,5.0
594,1056,4.0
594,860,5.0
594,274,5.0
594,75,5.0
594,2311,5.0
594,2313,5.0
594,861,4.0
594,665,5.0
594,1190,5.0
594,1583,5.0
594,1352,5.0
594,4386,4.0
594,1881,5.0
594,1584,5.0
594,1483,4.0
594,903,5.0
594,1275,5.0
594,1276,5.0
594,5966,4.0
594,275,5.0
594,1357,4.0
594,79,5.0
594,80,5.0
594,574,5.0
594,864,4.0
594,81,4.0
594,575,4.0
594,467,5.0
594,1361,4.0
594,4429,4.0
594,84,5.0
594,3488,4.0
594,2147,5.0
594,277,4.0
594,5352,4.0
594,1363,5.0
594,1233,5.0
594,516,5.0
594,5027,5.0
594,200,5.0
594,278,5.0
594,580,4.0
594,87,4.0
594,1718,4.0
594,88,5.0
594,581,4.0
594,2004,4.0
594,1587,4.0
594,281,4.0
594,1237,4.0
594,1883,5.0
594,3641,4.0
594,583,4.0
594,584,5.0
594,3575,4.0
594,1168,4.0
594,94,5.0
594,3145,5.0
594,1941,5.0
594,3362,4.0
594,2675,5.0
594,2114,4.0
594,715,5.0
594,2115,4.0
594,1850,4.0
594,285,5.0
594,1699,5.0
594,1589,5.0
594,96,5.0
594,618,4.0
594,5967,4.0
594,100,5.0
594,5968,4.0
594,1494,5.0
594,286,4.0
594,869,4.0
594,1099,4.0
594,3146,4.0
594,287,5.0
594,1368,5.0
594,5076,5.0
594,113,4.0
594,4057,4.0
594,2008,5.0
594,3880,4.0
594,1369,4.0
594,288,4.0
594,119,4.0
594,289,5.0
594,688,5.0
594,4307,5.0
594,5805,5.0
594,3843,5.0
594,2676,4.0
594,4308,4.0
594,1597,5.0
594,5806,5.0
594,122,4.0
594,218,5.0
594,2654,5.0
594,4959,5.0
594,123,4.0
594,1169,4.0
594,1372,5.0
594,1885,4.0
594,5078,4.0
594,1375,5.0
594,293,4.0
594,126,5.0
594,5969,5.0
594,872,5.0
594,127,4.0
594,128,5.0
594,873,5.0
594,1723,5.0
594,5686,4.0
594,129,4.0
594,1101,4.0
594,717,4.0
594,2694,4.0
594,3511,4.0
594,3894,4.0
594,5039,4.0
594,5970,4.0
594,718,4.0
594,130,5.0
594,3895,4.0
594,1947,4.0
594,133,4.0
594,3648,4.0
594,3150,4.0
594,136,4.0
594,4310,4.0
594,5971,4.0
594,5972,5.0
594,3993,4.0
594,137,5.0
594,138,5.0
594,3649,4.0
594,140,4.0
594,296,4.0
594,297,5.0
594,5973,4.0
594,144,4.0
594,298,5.0
594,1243,5.0
594,149,4.0
594,963,5.0
594,151,5.0
594,917,4.0
594,3151,4.0
594,299,5.0
594,3455,4.0
594,300,5.0
594,1386,5.0
594,153,5.0
594,918,5.0
594,3785,5.0
594,155,5.0
594,1390,5.0
594,156,4.0
594,5081,4.0
594,1391,4.0
594,1281,4.0
594,1393,5.0
594,158,5.0
594,879,5.0
594,303,5.0
594,159,5.0
594,160,4.0
594,161,5.0
594,162,5.0
594,719,4.0
594,3659,4.0
594,3876,5.0
594,164,4.0
594,165,5.0
594,4391,4.0
594,964,4.0
594,166,5.0
594,167,4.0
594,1282,5.0
594,3900,4.0
594,1103,4.0
594,689,5.0
594,4416,5.0
594,306,4.0
594,5016,4.0
594,3786,5.0
594,1887,5.0
594,199,5.0
595,478,4.0
595,731,4.0
595,483,5.0
595,744,5.0
595,1313,5.0
595,1655,5.0
595,1656,5.0
595,1159,4.0
595,208,5.0
595,5974,5.0
595,5975,5.0
595,5976,5.0
595,5977,5.0
595,5978,5.0
595,5979,5.0
596,2,4.5
596,332,4.0
596,3,4.0
596,369,5.0
596,235,4.5
596,13,5.0
596,647,5.0
596,339,5.0
596,402,4.0
596,403,4.0
596,702,4.0
596,21,4.0
596,648,4.5
596,571,4.5
596,851,4.5
596,1050,5.0
596,650,4.0
596,463,5.0
596,615,4.0
596,1706,4.0
596,256,4.0
596,35,4.0
596,464,5.0
596,1751,4.0
596,259,4.0
596,1710,5.0
596,679,4.0
596,4385,4.0
596,49,4.5
596,50,5.0
596,515,4.0
596,53,4.0
596,2568,4.5
596,55,4.5
596,653,4.5
596,2751,5.0
596,1713,4.0
596,56,5.0
596,616,5.0
596,1163,4.0
596,59,4.5
596,60,5.0
596,61,5.0
596,62,4.0
596,63,5.0
596,1273,4.5
596,682,4.0
596,657,4.5
596,269,4.0
596,658,4.0
596,1052,4.0
596,4055,4.0
596,1054,4.0
596,1164,4.0
596,1580,4.0
596,709,4.0
596,1110,4.5
596,70,4.0
596,1055,5.0
596,74,4.0
596,273,5.0
596,75,4.0
596,2626,4.5
596,1206,4.0
596,573,4.0
596,2562,4.0
596,1208,4.0
596,864,4.0
596,1233,4.0
596,1235,4.0
596,200,4.5
596,713,4.0
596,87,5.0
596,281,4.0
596,2325,4.0
596,1111,4.0
596,1168,4.5
596,94,4.0
596,95,5.0
596,469,4.0
596,1494,4.0
596,118,4.0
596,289,4.0
596,123,4.0
596,124,4.0
596,1280,4.0
596,128,5.0
596,873,4.0
596,718,4.0
596,130,5.0
596,136,4.0
596,137,4.0
596,139,5.0
596,142,4.0
596,144,4.0
596,145,4.0
596,149,4.5
596,150,4.0
596,151,4.5
596,1061,4.0
596,155,5.0
596,160,4.0
596,719,4.0
596,163,5.0
596,164,4.0
596,4434,4.0
596,168,4.0
596,1730,5.0
596,169,4.0
596,2697,4.5
596,308,5.0
596,175,4.0
596,3458,4.0
596,1954,4.0
596,1400,4.0
596,1062,4.0
596,1735,4.5
596,5980,4.5
596,1769,4.0
596,1737,5.0
596,2118,4.5
596,2326,4.0
596,3464,4.5
596,186,4.0
596,192,5.0
596,194,4.0
596,669,4.5
596,624,5.0
596,319,4.0
596,670,4.5
596,5657,4.0
596,3334,4.5
596,1039,4.5
596,478,4.0
596,671,5.0
596,479,4.0
596,1899,4.0
596,2999,4.0
596,1041,4.5
596,735,4.0
596,2603,4.0
596,738,4.5
596,3727,4.0
596,1042,5.0
596,739,4.0
596,1258,4.0
596,201,5.0
596,2780,4.0
596,2609,4.0
596,491,4.0
596,2610,4.5
596,1043,4.0
596,696,4.0
596,1565,4.5
596,5700,4.0
596,5860,4.0
596,5981,4.0
596,1569,4.5
596,675,4.0
596,1928,4.0
596,1175,4.0
596,1670,4.0
596,4839,4.0
596,5982,4.0
596,677,4.0
596,2074,4.0
596,5983,4.5
596,4615,4.0
596,5984,4.0
596,699,4.5
596,2135,4.0
596,2136,4.0
596,5985,4.0
596,2857,4.0
596,5986,4.0
596,5987,4.0
596,4928,4.0
596,5988,4.0
596,5989,4.0
596,5990,4.0
596,5991,4.0
596,5992,4.0
596,5993,4.5
596,5994,4.0
596,215,4.0
596,5995,4.0
596,5996,4.0
596,5997,4.5
596,4689,4.0
596,3756,4.0
597,344,4.0
597,1047,4.5
597,354,4.5
597,3,4.0
597,5,4.5
597,336,4.5
597,511,4.5
597,13,4.0
597,339,4.5
597,404,4.0
597,16,4.0
597,427,4.0
597,849,4.0
597,1220,4.0
597,28,4.0
597,30,4.0
597,436,4.0
597,31,4.0
597,1471,4.5
597,463,4.5
597,615,4.0
597,251,4.5
597,257,4.5
597,35,4.0
597,464,4.0
597,37,4.0
597,1189,4.5
597,48,5.0
597,4497,4.5
597,55,4.5
597,56,4.0
597,57,5.0
597,58,4.0
597,655,5.0
597,59,5.0
597,61,4.5
597,706,4.0
597,1879,4.0
597,268,4.0
597,658,5.0
597,1578,5.0
597,1580,5.0
597,1556,4.0
597,686,5.0
597,70,4.0
597,71,4.5
597,2310,4.0
597,73,4.0
597,860,5.0
597,274,4.5
597,75,4.0
597,3571,4.0
597,1881,4.0
597,710,4.0
597,275,4.0
597,5027,4.0
597,2004,4.5
597,95,5.0
597,97,4.5
597,2150,4.0
597,619,4.5
597,98,4.5
597,3523,4.0
597,4254,4.0
597,3867,4.5
597,869,4.0
597,1496,4.0
597,2007,4.0
597,911,4.0
597,114,4.0
597,115,4.0
597,870,4.5
597,2008,4.5
597,119,4.5
597,120,5.0
597,1599,4.0
597,123,4.5
597,517,4.5
597,4960,5.0
597,1885,4.0
597,1600,4.0
597,716,4.5
597,124,4.0
597,1101,4.0
597,718,4.0
597,2678,4.0
597,136,4.5
597,914,4.5
597,1243,4.0
597,151,4.5
597,593,4.0
597,1610,4.0
597,153,4.0
597,155,4.5
597,879,4.0
597,304,4.0
597,880,5.0
597,4315,4.5
597,163,4.5
597,881,5.0
597,168,4.5
597,666,4.0
597,4392,4.5
597,2011,4.0
597,307,4.0
597,667,5.0
597,1398,4.0
597,925,4.0
597,890,4.0
597,5810,4.0
597,1890,4.0
597,190,4.0
597,3331,4.0
597,1622,5.0
597,1036,4.5
597,1300,4.0
597,933,4.0
597,1891,4.0
597,670,4.0
597,324,4.0
597,325,4.0
597,1422,4.0
597,1514,4.0
597,3686,4.5
597,4762,4.0
597,3334,5.0
597,692,4.0
597,3209,4.0
597,3691,5.0
597,1302,4.5
597,2699,4.0
597,329,4.0
597,671,4.0
597,479,5.0
597,199,5.0
597,2683,4.0
597,4251,4.0
597,1900,4.0
597,482,5.0
597,483,4.0
597,4129,4.5
597,524,5.0
597,484,5.0
597,673,4.5
597,486,4.0
597,4976,4.0
597,694,4.5
597,737,4.0
597,3471,4.0
597,1065,4.0
597,740,5.0
597,201,4.5
597,2780,4.5
597,492,5.0
597,744,5.0
597,1043,4.5
597,2032,4.0
597,1645,4.0
597,4426,4.5
597,987,4.0
597,1137,4.0
597,1648,4.5
597,4007,5.0
597,5998,5.0
597,1567,5.0
597,1568,5.0
597,2800,4.5
597,3241,4.0
597,2037,4.0
597,5370,4.5
597,5526,5.0
597,3828,4.0
597,1928,5.0
597,753,4.0
597,697,5.0
597,4898,4.5
597,1931,4.0
597,4791,4.5
597,994,4.0
597,1312,4.0
597,764,4.0
597,1313,4.5
597,1077,4.0
597,1147,4.5
597,676,4.5
597,1175,4.0
597,2055,4.0
597,5541,4.0
597,4506,4.0
597,2058,4.0
597,998,4.0
597,2066,4.0
597,1320,4.0
598,0,4.0
598,3,4.0
598,4,5.0
598,402,5.0
598,22,5.0
598,615,5.0
598,253,5.0
598,254,4.5
598,256,4.0
598,1162,4.5
598,55,4.0
598,654,4.0
598,57,5.0
598,58,4.0
598,267,5.0
598,656,4.0
598,682,4.5
598,1096,4.5
598,864,4.0
598,200,4.5
598,580,4.0
598,468,4.0
598,469,4.5
598,100,5.0
598,716,5.0
598,912,4.5
598,139,5.0
598,299,4.5
598,163,5.0
598,666,4.0
598,187,4.5
598,670,5.0
598,475,4.0
598,477,5.0
598,478,4.5
598,479,5.0
598,480,4.0
598,481,4.0
598,482,5.0
598,484,5.0
598,673,4.5
598,485,4.5
598,693,4.0
598,737,5.0
598,492,5.0
598,744,4.5
598,501,5.0
598,697,5.0
598,540,4.5
598,760,4.0
598,676,4.0
598,203,5.0
598,628,4.5
598,508,4.0
598,1315,5.0
598,769,4.0
598,777,5.0
598,677,5.0
598,1159,4.0
598,782,4.5
598,206,4.0
598,545,5.0
598,1080,4.5
598,4456,4.0
598,789,4.0
598,207,4.5
598,2089,4.0
598,1683,5.0
598,678,4.0
598,208,5.0
598,699,4.5
598,2091,4.0
598,1798,4.5
598,549,4.0
598,2101,4.5
598,803,4.5
598,551,4.5
598,554,4.0
598,812,4.0
598,213,4.5
598,638,5.0
598,640,4.0
598,823,4.0
598,1022,4.5
598,826,4.0
598,830,4.0
598,643,5.0
598,5999,4.0
598,1028,4.5
598,5212,5.0
598,3120,4.0
598,3965,4.0
598,2961,5.0
598,1840,4.5
598,3756,4.0
598,1086,4.0
598,2667,4.5
599,344,4.0
599,2288,5.0
599,332,4.0
599,607,4.0
599,585,5.0
599,2289,5.0
599,3,5.0
599,4,5.0
599,6,5.0
599,370,4.0
599,373,4.0
599,7,4.0
599,1445,4.0
599,1270,4.0
599,2213,4.0
599,460,5.0
599,234,4.0
599,4123,4.0
599,383,4.0
599,12,4.0
599,13,5.0
599,608,4.0
599,339,5.0
599,1265,5.0
599,402,5.0
599,404,5.0
599,15,4.0
599,512,4.0
599,413,4.0
599,18,5.0
599,4295,5.0
599,415,4.0
599,1456,4.0
599,420,4.0
599,20,5.0
599,2719,4.0
599,340,5.0
599,243,5.0
599,21,4.0
599,1470,4.0
599,427,4.0
599,22,5.0
599,1345,4.0
599,849,4.0
599,433,4.0
599,571,5.0
599,27,4.0
599,28,5.0
599,30,5.0
599,462,4.0
599,32,4.0
599,444,4.0
599,1704,4.0
599,1706,4.0
600,0,4.0
600,2,4.0
600,349,4.0
600,332,5.0
600,607,4.0
600,1211,5.0
600,4697,4.0
600,333,4.0
600,334,4.0
600,585,5.0
600,2289,4.0
600,2315,5.0
600,1476,4.0
600,6000,4.0
600,2549,5.0
600,3627,4.0
600,3850,5.0
600,5,4.0
600,6001,4.0
600,646,5.0
600,369,4.0
600,1287,4.0
600,232,4.0
600,371,4.0
600,233,5.0
600,9,5.0
600,2213,4.0
600,6002,4.0
600,3006,5.0
600,234,4.0
600,6003,4.0
600,4362,4.0
600,1447,4.0
600,1198,5.0
600,5010,5.0
600,1290,4.0
600,6004,4.0
600,378,4.0
600,2295,4.0
600,235,5.0
600,236,5.0
600,2686,4.0
600,12,4.0
600,1201,4.0
600,13,4.0
600,337,4.0
600,610,4.0
600,338,4.0
600,339,5.0
600,6005,4.0
600,6006,4.0
600,1292,4.0
600,1213,4.0
600,1214,4.0
600,4842,4.0
600,4382,5.0
600,1049,5.0
600,3007,4.0
600,241,5.0
600,512,4.0
600,4957,4.0
600,2299,4.0
600,415,5.0
600,6007,4.0
600,3800,5.0
600,2300,5.0
600,6008,4.0
600,6009,4.0
600,420,4.0
600,19,5.0
600,1217,4.0
600,2719,4.0
600,1693,4.0
600,244,4.0
600,6010,5.0
600,3230,5.0
600,6011,5.0
600,428,4.0
600,613,5.0
600,6012,4.0
600,2302,4.0
600,1935,5.0
600,614,4.0
600,5054,4.0
600,703,4.0
600,4296,4.0
600,1220,4.0
600,28,5.0
600,3353,5.0
600,6013,4.0
600,30,5.0
600,850,5.0
600,4339,4.0
600,2553,4.0
600,6014,4.0
600,2554,4.0
600,1574,4.0
600,248,4.0
600,6015,4.0
600,448,4.0
600,449,4.0
600,217,4.0
600,6016,4.0
600,615,5.0
600,1223,5.0
600,250,5.0
600,251,4.0
600,2304,4.0
600,252,4.0
600,855,5.0
600,253,5.0
600,254,4.0
600,2748,4.0
600,255,4.0
600,256,5.0
600,651,5.0
600,257,5.0
600,1708,4.0
600,34,5.0
600,258,4.0
600,35,5.0
600,464,5.0
600,2143,5.0
600,1751,4.0
600,259,4.0
600,856,5.0
600,857,4.0
600,1709,5.0
600,2328,4.0
600,3444,5.0
600,2305,4.0
600,2144,4.0
600,3772,4.0
600,1711,5.0
600,3773,5.0
600,1092,5.0
600,1224,5.0
600,900,4.0
600,679,4.0
600,2145,5.0
600,4385,4.0
600,3559,4.0
600,1225,4.0
600,47,4.0
600,261,4.0
600,858,4.0
600,49,4.0
600,263,4.0
600,50,5.0
600,53,4.0
600,264,5.0
600,1205,5.0
600,5965,5.0
600,2568,4.0
600,5012,4.0
600,3633,4.0
600,6017,5.0
600,2309,4.0
600,265,5.0
600,1713,4.0
600,2146,4.0
600,1577,4.0
600,266,4.0
600,2214,4.0
600,6018,4.0
600,1350,4.0
600,2215,4.0
600,654,4.0
600,58,4.0
600,655,5.0
600,616,4.0
600,681,5.0
600,1849,4.0
600,59,5.0
600,60,5.0
600,2752,5.0
600,62,4.0
600,63,5.0
600,1879,4.0
600,2216,4.0
600,268,5.0
600,682,5.0
600,269,4.0
600,707,4.0
600,683,5.0
600,658,4.0
600,1053,5.0
600,684,4.0
600,4055,5.0
600,1054,4.0
600,68,4.0
600,1580,5.0
600,659,5.0
600,1274,4.0
600,660,5.0
600,1714,5.0
600,661,5.0
600,662,4.0
600,686,5.0
600,3840,4.0
600,70,5.0
600,663,5.0
600,3634,4.0
600,73,5.0
600,3008,4.0
600,1227,5.0
600,273,5.0
600,1056,4.0
600,860,4.0
600,1097,4.0
600,2754,4.0
600,2311,4.0
600,2313,4.0
600,665,4.0
600,1583,4.0
600,1352,4.0
600,6019,5.0
600,1549,4.0
600,5801,4.0
600,3571,4.0
600,3140,4.0
600,1880,4.0
600,4386,5.0
600,1938,4.0
600,6020,5.0
600,2755,5.0
600,572,4.0
600,3208,4.0
600,903,4.0
600,1275,4.0
600,1194,5.0
600,1276,5.0
600,5802,4.0
600,4299,4.0
600,1485,5.0
600,5418,4.0
600,2314,4.0
600,6021,4.0
600,4555,4.0
600,6022,5.0
600,3560,4.0
600,6023,4.0
600,5072,4.0
600,5910,4.0
600,79,4.0
600,80,4.0
600,4300,4.0
600,1229,5.0
600,6024,4.0
600,82,5.0
600,958,4.0
600,4302,4.0
600,2317,4.0
600,3637,4.0
600,6025,4.0
600,84,5.0
600,3488,4.0
600,2147,5.0
600,598,5.0
600,277,4.0
600,5352,4.0
600,617,4.0
600,1233,5.0
600,516,4.0
600,1490,5.0
600,2320,4.0
600,1550,4.0
600,3639,4.0
600,6026,5.0
600,5027,5.0
600,278,5.0
600,87,5.0
600,279,4.0
600,3866,4.0
600,1718,5.0
600,6027,5.0
600,2756,5.0
600,3447,4.0
600,3232,4.0
600,1587,5.0
600,3013,4.0
600,4303,4.0
600,1237,4.0
600,6028,5.0
600,1883,5.0
600,3641,5.0
600,6029,4.0
600,584,4.0
600,1168,5.0
600,4517,4.0
600,284,5.0
600,3986,4.0
600,1033,4.0
600,94,4.0
600,3145,4.0
600,1941,4.0
600,3362,4.0
600,2675,4.0
600,2149,4.0
600,4248,4.0
600,3448,4.0
600,1699,4.0
600,1277,4.0
600,1589,4.0
600,469,5.0
600,1759,4.0
600,3644,4.0
600,6030,4.0
600,100,5.0
600,5710,4.0
600,1494,4.0
600,3867,4.0
600,4387,5.0
600,6031,5.0
600,3363,4.0
600,4305,4.0
600,4958,4.0
600,286,5.0
600,1099,4.0
600,6032,4.0
600,1368,4.0
600,4363,4.0
600,3449,4.0
600,2757,4.0
600,911,4.0
600,2008,4.0
600,3860,4.0
600,1593,5.0
600,1034,4.0
600,6033,4.0
600,1594,4.0
600,3874,4.0
600,119,4.0
600,688,4.0
600,290,5.0
600,4307,4.0
600,4308,4.0
600,6034,4.0
600,2654,5.0
600,4959,4.0
600,123,4.0
600,6035,4.0
600,3492,4.0
600,2206,4.0
600,5428,4.0
600,3647,4.0
600,3893,4.0
600,3779,4.0
600,3451,4.0
600,292,4.0
600,1375,4.0
600,3452,4.0
600,294,4.0
600,128,5.0
600,6036,4.0
600,6037,4.0
600,1605,4.0
600,3648,4.0
600,6038,5.0
600,6039,4.0
600,6040,5.0
600,1502,4.0
600,137,4.0
600,3781,4.0
600,5328,4.0
600,3782,4.0
600,4401,4.0
600,1242,4.0
600,3649,5.0
600,139,5.0
600,4311,4.0
600,140,4.0
600,6041,4.0
600,297,5.0
600,2688,5.0
600,6042,4.0
600,1248,4.0
600,6043,4.0
600,4054,4.0
600,470,4.0
600,5353,5.0
600,3365,4.0
600,298,4.0
600,1060,4.0
600,1243,4.0
600,1382,4.0
600,1383,4.0
600,5014,4.0
600,1503,5.0
600,877,4.0
600,1061,4.0
600,4962,4.0
600,1504,5.0
600,3454,4.0
600,5760,4.0
600,299,5.0
600,3455,4.0
600,3785,4.0
600,5068,4.0
600,6044,4.0
600,155,5.0
600,6045,4.0
600,5713,4.0
600,5571,4.0
600,1886,5.0
600,1281,5.0
600,158,4.0
600,1726,4.0
600,879,4.0
600,4250,5.0
600,304,4.0
600,4390,4.0
600,1728,5.0
600,880,5.0
600,3341,4.0
600,920,4.0
600,159,4.0
600,160,4.0
600,162,4.0
600,719,4.0
600,1948,4.0
600,163,4.0
600,1949,4.0
600,3845,4.0
600,3659,4.0
600,6046,5.0
600,3876,4.0
600,164,4.0
600,4391,4.0
600,168,5.0
600,6047,4.0
600,1035,4.0
600,2583,4.0
600,1282,5.0
600,882,4.0
600,4317,4.0
600,5016,4.0
600,720,4.0
600,307,4.0
600,4012,4.0
600,3804,4.0
600,1104,4.0
600,1615,4.0
600,5434,4.0
600,174,4.0
600,1616,4.0
600,2116,4.0
600,308,4.0
600,6048,4.0
600,5871,4.0
600,175,5.0
600,885,4.0
600,309,4.0
600,4230,4.0
600,1954,5.0
600,2690,4.0
600,310,4.0
600,4705,5.0
600,6049,5.0
600,3459,5.0
600,2679,4.0
600,2154,4.0
600,3903,4.0
600,2680,4.0
600,1062,5.0
600,1118,5.0
600,1405,4.0
600,599,4.0
600,6050,5.0
600,312,5.0
600,3460,5.0
600,6051,4.0
600,2117,4.0
600,1407,4.0
600,1283,4.0
600,1170,4.0
600,313,5.0
600,6052,4.0
600,314,4.0
600,1558,4.0
600,2639,4.0
600,889,4.0
600,3988,4.0
600,1769,5.0
600,1737,5.0
600,5415,4.0
600,6053,4.0
600,3462,5.0
600,5436,5.0
600,3464,5.0
600,315,4.0
600,3669,4.0
600,6054,5.0
600,1121,5.0
600,6055,4.0
600,2119,5.0
600,3159,4.0
600,1889,5.0
600,6056,4.0
600,2220,4.0
600,187,4.0
600,6057,4.0
600,6058,4.0
600,1890,4.0
600,6059,5.0
600,189,4.0
600,5408,4.0
600,6060,5.0
600,668,5.0
600,191,4.0
600,192,5.0
600,3160,4.0
600,2589,4.0
600,5410,4.0
600,195,4.0
600,4542,4.0
600,1122,4.0
600,6061,5.0
600,4559,4.0
600,1250,4.0
600,319,5.0
600,3373,4.0
600,605,4.0
600,1037,4.0
600,320,5.0
600,322,4.0
600,3376,4.0
600,670,5.0
600,1063,5.0
600,4327,4.0
600,1515,4.0
600,2642,4.0
600,6062,4.0
600,4762,5.0
600,4768,4.0
600,6063,4.0
600,6064,5.0
600,3343,4.0
600,6065,4.0
600,4519,5.0
600,6066,5.0
600,1631,4.0
600,3503,4.0
600,4016,4.0
600,3806,4.0
600,3209,4.0
600,6067,4.0
600,4564,4.0
600,4233,4.0
600,1633,4.0
600,625,4.0
600,5551,4.0
600,3235,4.0
600,2725,4.0
600,5117,4.0
600,328,4.0
600,6068,4.0
600,6069,4.0
600,1894,4.0
600,4724,5.0
600,3534,4.0
600,1072,4.0
600,5815,5.0
601,344,5.0
601,2288,4.0
601,350,4.0
601,1441,4.0
601,354,4.0
601,333,4.0
601,359,4.0
601,361,4.0
601,362,4.0
601,367,4.0
601,646,4.0
601,369,4.0
601,374,4.0
601,460,4.0
601,1571,4.0
601,4872,4.0
601,509,4.0
601,513,4.0
601,511,5.0
601,337,4.0
601,237,4.0
601,1048,4.0
601,394,4.0
601,6070,4.0
601,610,5.0
601,339,5.0
601,399,4.0
601,400,4.0
601,1293,5.0
601,4126,4.0
601,413,4.0
601,4128,5.0
601,1456,4.0
601,419,4.0
601,1459,4.0
601,1342,4.0
601,422,4.0
601,25,4.0
601,27,4.0
601,28,5.0
601,1271,5.0
601,6071,5.0
601,438,4.0
601,3321,4.0
602,0,4.0
602,1211,4.0
602,373,5.0
602,1445,4.0
602,13,5.0
602,18,4.0
602,2566,4.0
602,343,4.0
602,36,4.0
602,452,4.0
602,900,4.0
602,48,4.0
602,57,5.0
602,61,5.0
602,71,4.0
602,2626,4.0
602,80,4.0
602,2691,4.0
602,5709,4.0
602,619,4.0
602,98,4.0
602,590,5.0
602,1248,5.0
602,298,4.0
602,1724,4.0
602,300,5.0
602,153,4.5
602,3882,4.0
602,3904,4.0
602,5093,4.0
602,3532,4.0
602,479,5.0
602,484,5.0
602,489,5.0
602,739,4.0
602,492,5.0
602,3506,4.0
602,987,4.0
602,4727,4.5
602,1779,4.5
602,1781,4.0
602,1663,4.0
602,6072,4.0
602,2621,4.0
602,2061,4.0
602,2068,4.0
602,3604,4.5
602,1787,4.0
602,1003,4.5
602,6073,4.0
602,4806,4.5
602,1683,4.0
603,350,4.0
603,1469,4.0
603,1047,4.5
603,354,4.0
603,357,4.0
603,4,4.5
603,5768,4.0
603,1476,4.0
603,3172,4.0
603,4698,4.0
603,1286,4.0
603,2294,4.0
603,3438,4.0
603,2989,4.0
603,8,4.0
603,1198,4.0
603,3485,4.0
603,235,4.0
603,513,4.5
603,1200,4.0
603,236,5.0
603,13,4.5
603,6074,4.0
603,237,4.0
603,609,4.0
603,610,4.0
603,647,4.5
603,339,5.0
603,1292,4.5
603,1213,4.5
603,1214,4.0
603,2297,4.0
603,404,4.0
603,240,4.5
603,16,4.0
603,512,4.0
603,1875,4.0
603,702,4.0
603,6075,4.0
603,6076,4.0
603,424,4.0
603,243,4.0
603,1202,4.5
603,6011,4.0
603,613,4.0
603,22,5.0
603,648,5.0
603,6077,4.0
603,6078,4.0
603,433,4.0
603,26,4.0
603,28,4.5
603,434,4.0
603,6079,4.0
603,6080,4.0
603,6081,4.0
603,2745,4.5
603,2746,4.5
603,2553,4.0
603,463,4.0
603,704,4.0
603,1574,4.5
603,6082,4.0
603,615,4.0
603,250,5.0
603,251,4.0
603,2304,4.0
603,252,5.0
603,855,4.0
603,253,4.5
603,2747,5.0
603,254,4.5
603,2748,4.0
603,255,5.0
603,1091,4.5
603,256,4.5
603,257,5.0
603,1708,4.5
603,1696,4.5
603,258,4.0
603,464,5.0
603,2143,4.0
603,3984,4.0
603,1751,4.5
603,259,4.5
603,856,5.0
603,857,5.0
603,3443,4.0
603,6083,4.0
603,37,4.0
603,1162,4.0
603,6084,4.0
603,1092,4.0
603,4516,4.0
603,453,4.0
603,1224,5.0
603,900,4.0
603,2145,4.0
603,1226,4.5
603,457,4.5
603,3309,4.0
603,858,4.0
603,2306,4.5
603,263,4.5
603,50,5.0
603,51,4.0
603,680,4.0
603,1752,4.0
603,55,4.0
603,2111,4.0
603,1051,4.0
603,6017,4.0
603,3891,4.5
603,2146,4.0
603,1577,4.0
603,6018,4.0
603,654,4.5
603,56,4.5
603,655,4.0
603,681,4.0
603,1163,4.0
603,59,4.5
603,60,4.5
603,705,4.5
603,61,4.5
603,2752,5.0
603,63,4.0
603,1879,4.0
603,268,4.5
603,64,4.5
603,682,4.0
603,65,4.0
603,269,4.0
603,707,4.0
603,658,4.5
603,684,4.5
603,68,4.0
603,1579,4.0
603,1580,5.0
603,709,4.0
603,659,4.5
603,685,4.5
603,271,4.0
603,3979,4.0
603,859,4.5
603,2310,4.5
603,3634,4.0
603,1055,4.0
603,2673,4.5
603,1227,4.0
603,2753,4.0
603,74,4.5
603,860,4.5
603,75,4.0
603,1700,4.0
603,2313,4.5
603,3892,4.0
603,1352,4.5
603,2572,4.0
603,1584,4.0
603,2755,4.0
603,587,4.0
603,6085,4.0
603,2562,4.0
603,1228,4.5
603,276,4.0
603,864,4.0
603,1230,4.5
603,6086,4.0
603,1488,4.0
603,4301,4.0
603,3637,4.5
603,1361,4.0
603,2147,4.0
603,277,4.0
603,516,4.0
603,2320,4.5
603,1235,4.5
603,5027,4.0
603,200,4.5
603,580,4.0
603,713,4.0
603,87,4.5
603,3490,4.0
603,581,4.0
603,1236,4.0
603,3232,4.0
603,1588,4.5
603,2325,4.0
603,5424,4.0
603,3339,4.0
603,3145,4.0
603,2675,4.0
603,2149,4.0
603,715,4.0
603,2115,4.0
603,3643,4.5
603,285,4.0
603,2150,5.0
603,469,4.0
603,1759,4.0
603,1112,4.0
603,100,4.0
603,3867,4.5
603,5076,4.5
603,2006,4.0
603,6087,4.0
603,1034,4.0
603,118,4.0
603,119,4.0
603,4010,4.0
603,6088,4.5
603,1596,4.5
603,5427,4.0
603,688,4.0
603,6089,4.0
603,290,4.0
603,3842,4.0
603,4306,4.0
603,1498,4.5
603,2221,4.0
603,3450,4.0
603,3843,4.0
603,2676,4.0
603,2654,4.0
603,123,4.0
603,1373,4.0
603,1944,4.0
603,1885,4.0
603,2206,4.0
603,1600,4.0
603,716,5.0
603,124,4.0
603,3881,4.0
603,292,4.0
603,293,4.0
603,2151,5.0
603,6090,4.0
603,873,4.0
603,5429,4.0
603,1605,4.0
603,295,4.0
603,6091,4.0
603,6092,4.0
603,962,4.0
603,3649,4.0
603,139,5.0
603,296,4.0
603,914,4.0
603,470,4.0
603,5353,4.0
603,3653,4.0
603,149,4.5
603,5014,4.0
603,1297,4.0
603,3656,4.0
603,1557,4.5
603,299,4.0
603,1610,4.0
603,6093,4.0
603,3623,4.0
603,3785,4.0
603,2633,4.0
603,301,4.0
603,155,4.5
603,3994,4.0
603,6094,4.0
603,1886,4.0
603,2759,4.0
603,161,4.0
603,719,4.0
603,163,5.0
603,168,5.0
603,666,5.0
603,3661,4.5
603,6095,4.0
603,4704,4.0
603,169,4.0
603,5016,4.5
603,5591,4.0
603,307,5.0
603,2153,4.5
603,5945,4.0
603,1734,4.0
603,667,4.0
603,1616,4.0
603,308,4.0
603,175,4.0
603,309,4.0
603,6096,4.0
603,1398,4.0
603,3902,4.0
603,5336,4.0
603,2154,4.0
603,1400,4.0
603,3903,4.5
603,1298,4.0
603,6097,4.5
603,6098,4.0
603,4319,4.5
603,2760,4.0
603,2155,4.5
603,2761,5.0
603,178,4.0
603,314,4.0
603,2639,4.5
603,1769,4.5
603,5905,4.0
603,182,4.0
603,1106,5.0
603,722,4.0
603,621,4.0
603,1742,4.0
603,3909,4.0
603,5340,4.0
603,1889,4.0
603,6099,4.0
603,2764,4.5
603,1744,4.0
603,6100,4.0
603,6101,4.5
603,691,4.0
603,6102,4.0
603,2015,4.0
603,6103,4.0
603,3331,4.0
603,4231,4.0
603,3161,4.0
603,5062,4.5
603,2324,4.0
603,6104,4.0
603,318,4.5
603,319,4.0
603,724,4.0
603,930,4.5
603,932,4.0
603,933,4.5
603,6105,4.0
603,1892,4.5
603,3679,4.0
603,5103,4.0
603,3680,4.5
603,4222,4.0
603,6106,4.0
603,670,4.0
603,325,4.0
603,725,4.0
603,6107,4.0
603,6108,4.0
603,6109,4.0
603,475,4.0
603,1514,4.0
603,1427,4.0
603,5632,5.0
603,6110,4.5
603,1428,4.0
603,3686,4.0
603,727,4.0
603,6111,4.0
603,6063,4.0
603,1631,4.0
603,1632,4.0
603,6112,4.0
603,4232,4.0
603,6113,4.0
603,6114,4.5
603,625,4.5
603,1971,4.0
603,5243,4.0
603,6115,4.0
603,2700,4.5
603,6116,4.0
603,477,4.0
603,329,4.0
603,5721,4.0
603,3386,4.0
603,3536,4.0
603,478,4.0
603,331,4.5
603,671,4.5
603,939,4.0
603,479,4.5
603,480,4.0
603,942,4.0
603,5124,4.5
603,2998,4.5
603,3388,4.0
603,518,4.5
603,6117,4.0
603,945,4.0
603,2161,4.0
603,4215,4.0
603,730,4.0
603,1303,4.0
603,731,4.0
603,481,4.0
603,6118,4.0
603,5825,4.0
603,6119,4.5
603,1900,4.0
603,482,4.5
603,1041,4.0
603,6120,4.0
603,6121,4.0
603,6122,4.0
603,1902,4.0
603,483,4.0
603,6123,4.5
603,6124,4.0
603,4129,4.0
603,5298,4.5
603,484,4.5
603,1903,4.0
603,525,4.0
603,526,4.0
603,486,4.0
603,3316,4.0
603,735,4.5
603,693,4.0
603,6125,4.0
603,4976,4.0
603,6126,4.0
603,6127,4.0
603,1906,4.0
603,6128,4.0
603,2727,4.0
603,5155,4.0
603,2171,4.5
603,6129,4.0
603,3547,4.5
603,954,4.0
603,694,4.0
603,6130,4.5
603,737,4.0
603,1910,4.0
603,6131,4.0
603,738,4.0
603,5468,4.0
603,6132,4.0
603,6133,4.0
603,2173,4.0
603,1256,4.0
603,6134,4.0
603,5472,4.0
603,6135,4.0
603,3472,4.0
603,1042,4.0
603,3729,4.0
603,6136,4.0
603,1980,4.0
603,6137,4.0
603,2175,4.5
603,740,4.0
603,741,4.5
603,201,4.5
603,3731,4.0
603,6138,4.0
603,1983,4.5
603,3414,4.0
603,5166,4.5
603,6139,4.0
603,6140,4.0
603,2177,4.0
603,3238,4.0
603,6141,4.0
603,6142,4.5
603,3551,4.0
603,6143,4.0
603,6144,4.0
603,4773,4.5
603,3474,4.0
603,1259,4.5
603,6145,4.0
603,695,5.0
603,6146,4.0
603,3586,4.0
603,491,4.0
603,742,4.0
603,532,4.0
603,5168,4.5
603,492,4.5
603,1644,4.0
603,5487,4.5
603,2179,4.5
603,2180,4.5
603,744,4.0
603,2784,4.5
603,5490,4.5
603,1563,4.5
603,1043,4.5
603,5829,4.0
603,4142,4.5
603,6147,4.0
603,983,4.0
603,6148,5.0
603,5495,4.0
603,5497,4.0
603,6149,4.0
603,5368,5.0
603,5500,4.0
603,3517,4.0
603,1918,4.5
603,2786,4.0
603,3477,4.0
603,2182,4.0
603,4991,4.0
603,3240,4.0
603,6150,4.0
603,986,4.0
603,987,4.0
603,6151,4.0
603,1646,4.0
603,6152,4.0
603,2616,4.0
603,6153,4.0
603,1920,4.0
603,4576,4.0
603,6154,4.5
603,6155,4.0
603,1924,4.5
603,4374,4.0
603,6156,4.0
603,501,4.0
603,1309,4.0
603,4144,4.0
603,6157,4.5
603,6158,4.0
603,4033,4.0
603,5522,4.5
603,6159,4.0
603,6160,4.0
603,6161,4.0
603,6162,4.0
603,2800,4.0
603,3823,4.0
603,6163,4.0
603,5035,4.5
603,6164,4.0
603,6165,4.5
603,6166,4.0
603,4587,4.0
603,1925,4.0
603,6167,4.0
603,6168,4.5
603,6169,4.0
603,6170,4.5
603,2805,4.5
603,2806,5.0
603,1140,4.0
603,752,4.0
603,2808,4.5
603,6171,4.0
603,697,4.0
603,4376,4.0
603,6172,4.0
603,1777,4.0
603,6173,4.0
603,6174,4.0
603,6175,4.0
603,6176,4.0
603,6177,4.5
603,626,4.0
603,3520,4.0
603,992,4.0
603,5579,4.5
603,3625,4.0
603,2702,4.0
603,5183,4.0
603,3427,4.0
603,755,4.5
603,1650,4.5
603,2189,4.5
603,3837,4.0
603,4594,4.0
603,6178,4.0
603,1312,4.0
603,3320,4.0
603,5535,4.0
603,4946,4.5
603,2817,4.0
603,6179,4.0
603,1146,4.0
603,761,4.0
603,762,5.0
603,4131,4.5
603,1859,4.0
603,1313,4.0
603,6180,4.0
603,1663,4.0
603,2192,4.0
603,5187,4.0
603,6181,4.0
603,676,4.0
603,628,4.0
603,6182,4.0
603,4166,4.0
603,3247,4.5
603,1315,4.0
603,6183,4.5
603,5542,4.0
603,2198,4.0
603,1317,4.0
603,2285,4.5
603,677,4.0
603,1159,5.0
603,629,4.5
603,782,4.0
603,6184,4.0
603,6185,4.0
603,1002,4.0
603,1003,4.0
603,1683,4.0
603,805,4.5
604,0,4.0
604,334,4.0
604,363,4.0
604,6,5.0
604,373,5.0
604,460,4.0
604,3337,5.0
604,6186,4.0
604,396,4.0
604,402,5.0
604,4128,5.0
604,415,5.0
604,416,4.0
604,1338,4.0
604,1455,5.0
604,419,4.0
604,1218,4.0
604,20,5.0
604,21,4.0
604,3991,4.0
604,22,5.0
604,25,4.0
604,571,4.0
604,28,5.0
604,5011,4.0
604,852,4.0
604,443,5.0
604,444,4.0
604,3354,5.0
604,615,4.0
604,5652,5.0
604,34,5.0
604,2144,4.0
604,39,5.0
604,679,5.0
604,262,4.0
604,53,5.0
604,465,4.0
604,656,4.0
604,62,4.0
604,68,5.0
604,1110,4.0
604,685,5.0
604,271,5.0
604,75,4.0
604,1583,4.0
604,1352,4.0
604,5866,5.0
604,3140,5.0
604,1483,5.0
604,2573,4.0
604,1275,4.0
604,1276,4.0
604,1485,5.0
604,574,4.0
604,864,4.0
604,957,4.0
604,81,5.0
604,467,4.0
604,86,5.0
604,3167,5.0
604,468,5.0
604,583,4.0
604,94,4.0
604,285,5.0
604,2575,5.0
604,4052,4.0
604,1699,5.0
604,1277,4.0
604,1589,5.0
604,96,5.0
604,100,5.0
604,6187,5.0
604,5076,4.0
604,1278,4.0
604,688,5.0
604,121,5.0
604,1885,4.0
604,5428,4.0
604,2620,5.0
604,1723,5.0
604,718,4.0
604,137,5.0
604,139,5.0
604,1503,4.0
604,151,4.0
604,6188,4.0
604,299,5.0
604,300,4.0
604,153,4.0
604,4120,5.0
604,5083,4.0
604,5715,4.0
604,1729,5.0
604,172,5.0
604,720,4.0
604,1734,4.0
604,1614,4.0
604,5878,4.0
604,174,5.0
604,177,4.0
604,1266,5.0
604,1407,4.0
604,1170,5.0
604,178,4.0
604,2639,4.0
604,889,5.0
604,2326,5.0
604,621,5.0
604,928,5.0
604,1301,4.0
605,955,4.0
605,349,4.5
605,3,4.5
605,4,4.5
605,6,4.0
605,568,4.5
605,1288,4.0
605,647,4.0
605,339,5.0
605,402,4.5
605,14,4.0
605,409,4.0
605,612,4.0
605,19,4.5
605,1218,4.0
605,428,4.0
605,22,4.0
605,28,4.0
605,1269,4.0
605,32,4.0
605,463,4.0
605,1936,4.0
605,615,5.0
605,47,4.0
605,50,4.0
605,56,4.0
605,616,4.5
605,61,4.0
605,62,4.5
605,63,4.0
605,64,4.0
605,682,4.5
605,685,4.0
605,662,4.0
605,3979,4.0
605,1055,4.0
605,75,4.0
605,1549,4.0
605,1071,4.0
605,276,4.5
605,79,4.0
605,864,4.0
605,865,4.0
605,3359,4.0
605,597,4.0
605,86,4.0
605,1362,4.5
605,617,5.0
605,1235,4.5
605,1550,4.0
605,200,4.5
605,713,4.5
605,87,4.0
605,1586,5.0
605,1491,4.0
605,3327,4.0
605,3864,4.5
605,1940,4.0
605,2004,4.5
605,1111,4.5
605,1033,4.5
605,94,4.5
605,715,4.5
605,285,4.0
605,1589,4.5
605,1367,4.5
605,100,4.5
605,2576,4.5
605,5326,4.0
605,6189,4.0
605,1594,4.0
605,1498,5.0
605,2221,4.0
605,2655,4.0
605,124,4.0
605,125,4.0
605,912,4.0
605,1499,4.0
605,3648,4.5
605,1115,5.0
605,136,5.0
605,138,4.0
605,1379,4.5
605,139,5.0
605,140,4.0
605,2688,4.5
605,1248,4.0
605,143,4.0
605,4759,4.0
605,152,4.5
605,299,4.5
605,878,4.0
605,3494,4.0
605,155,5.0
605,1281,4.0
605,879,4.0
605,163,5.0
605,171,4.0
605,172,4.5
605,720,4.0
605,967,4.0
605,174,4.0
605,1616,4.5
605,308,4.0
605,885,4.0
605,1400,4.0
605,1956,4.0
605,721,4.5
605,1405,4.5
605,599,4.5
605,1283,4.0
605,891,4.0
605,1284,4.5
605,622,4.5
605,187,4.0
605,892,4.0
605,1412,4.0
605,601,4.0
605,196,4.0
605,604,4.0
605,317,4.0
605,3673,4.0
605,1299,4.0
605,624,5.0
605,1627,4.5
605,319,4.0
605,605,5.0
605,931,4.0
605,474,4.0
605,933,4.5
605,322,4.5
605,5592,4.5
605,606,4.5
605,1123,4.5
605,670,4.5
605,324,4.0
605,725,4.0
605,475,4.5
605,2771,4.0
605,1852,4.5
605,1515,4.0
605,476,4.5
605,1252,4.5
605,2108,4.5
605,1431,4.0
605,625,4.5
605,1894,4.5
605,1634,4.0
605,6190,4.0
605,1124,4.5
605,477,4.0
605,2019,4.0
605,1517,4.0
605,478,4.5
605,2281,4.0
605,479,4.5
605,480,4.5
605,1073,4.0
605,5822,4.0
605,2645,4.5
605,4224,4.0
605,518,4.0
605,2020,4.5
605,4435,4.5
605,1898,4.5
605,5131,4.5
605,4500,4.5
605,947,4.5
605,948,4.0
605,731,4.5
605,481,4.5
605,979,4.0
605,732,4.0
605,1523,4.0
605,1524,4.5
605,1525,4.5
605,734,4.5
605,6191,4.5
605,524,4.0
605,1552,5.0
605,484,4.5
605,1903,4.0
605,525,4.0
605,4882,4.0
605,485,4.0
605,486,4.0
605,3020,4.5
605,2224,4.0
605,1853,4.0
605,4077,4.0
605,2777,4.0
605,6192,4.5
605,1907,4.0
605,1304,4.0
605,5885,4.0
605,1639,4.0
605,487,4.0
605,488,5.0
605,1305,4.5
605,737,4.0
605,1254,4.5
605,1127,4.0
605,489,4.0
605,2275,4.5
605,2026,4.0
605,1256,4.5
605,1641,4.5
605,5163,4.0
605,1979,4.5
605,490,4.5
605,201,4.0
605,4079,4.0
605,2652,4.5
605,982,5.0
605,1982,4.0
605,1911,4.0
605,3399,4.0
605,1259,4.0
605,3475,4.0
605,491,4.0
605,742,4.0
605,492,4.0
605,4437,4.0
605,743,4.0
605,5041,4.0
605,2030,4.0
605,2031,4.5
605,2783,4.0
605,1915,4.0
605,744,4.5
605,1991,5.0
605,1043,4.0
605,4272,5.0
605,493,4.5
605,3317,4.0
605,1135,4.5
605,986,4.5
605,2226,4.0
605,4240,4.0
605,987,4.0
605,1553,4.5
605,989,4.5
605,747,4.0
605,1647,4.0
605,497,4.0
605,2033,4.0
605,2227,5.0
605,1648,5.0
605,6193,4.5
605,501,4.0
605,1534,4.0
605,2036,4.5
605,990,4.5
605,4144,4.0
605,502,4.5
605,1775,4.0
605,4375,4.0
605,6194,4.0
605,1659,5.0
605,6195,4.0
605,2353,4.0
605,6196,4.0
605,1777,5.0
605,993,4.5
605,6197,4.0
605,2229,4.5
605,503,4.0
605,1143,4.0
605,4164,4.0
605,5728,4.5
605,3176,4.5
605,2230,4.0
605,760,4.0
605,763,4.0
605,505,4.0
605,1667,4.5
605,1078,5.0
605,2233,4.0
605,1530,5.0
605,1671,4.5
606,955,4.0
606,511,4.0
606,339,4.0
606,402,4.0
606,16,4.0
606,20,4.0
606,26,4.0
606,6198,4.0
606,5012,4.0
606,6199,4.0
607,0,5.0
607,2,5.0
607,349,4.5
607,354,4.5
607,3,5.0
607,4,4.0
607,1476,4.0
607,6,4.5
607,646,5.0
607,369,4.0
607,1198,5.0
607,235,5.0
607,11,4.0
607,13,5.0
607,647,5.0
607,339,5.0
607,415,5.0
607,416,5.0
607,4814,5.0
607,19,5.0
607,20,4.5
607,2564,4.0
607,2719,4.0
607,21,5.0
607,648,5.0
607,571,5.0
607,27,4.5
607,28,4.5
607,30,4.5
607,2553,4.5
607,1050,4.5
607,463,4.5
607,704,5.0
607,1188,5.0
607,1479,4.0
607,615,5.0
607,855,5.0
607,253,5.0
607,2748,4.5
607,35,4.0
607,464,4.5
607,3773,4.0
607,679,5.0
607,1712,4.5
607,49,4.0
607,262,4.0
607,50,5.0
607,51,4.0
607,53,4.5
607,54,4.0
607,2568,4.0
607,55,5.0
607,56,5.0
607,57,4.5
607,58,5.0
607,655,4.5
607,616,5.0
607,681,5.0
607,60,5.0
607,705,5.0
607,61,5.0
607,62,5.0
607,63,4.5
607,1273,4.5
607,2216,5.0
607,682,5.0
607,65,4.5
607,707,4.0
607,683,5.0
607,68,5.0
607,2569,5.0
607,708,5.0
607,659,5.0
607,1110,4.0
607,6200,4.5
607,685,5.0
607,662,5.0
607,70,4.5
607,71,5.0
607,3634,5.0
607,1055,5.0
607,664,4.5
607,3008,5.0
607,75,4.5
607,2113,4.5
607,572,4.5
607,1276,5.0
607,864,4.5
607,1363,4.5
607,1490,5.0
607,1235,5.0
607,87,4.5
607,581,4.0
607,582,4.0
607,2325,5.0
607,584,5.0
607,1033,5.0
607,95,5.0
607,285,4.0
607,1699,4.5
607,1589,4.0
607,96,5.0
607,100,5.0
607,286,5.0
607,118,4.0
607,218,5.0
607,1280,4.0
607,1723,4.5
607,3648,4.0
607,4365,4.0
607,139,5.0
607,151,5.0
607,299,4.5
607,3434,4.0
607,5274,4.0
607,1612,4.0
607,158,5.0
607,3350,5.0
607,159,4.0
607,719,4.5
607,163,5.0
607,881,5.0
607,3660,4.0
607,164,5.0
607,5715,4.5
607,2583,4.0
607,689,4.5
607,667,4.5
607,471,5.0
607,2689,4.0
607,2154,5.0
607,1062,5.0
607,1405,4.0
607,599,4.0
607,1119,5.0
607,1283,5.0
607,1769,5.0
607,2219,4.5
607,2118,5.0
607,1284,4.0
607,3669,4.5
607,186,5.0
607,1121,4.5
607,187,5.0
607,190,5.0
607,691,5.0
607,192,4.5
607,4850,4.5
607,2589,4.0
607,194,4.5
607,927,4.0
607,5275,4.0
607,723,4.5
607,317,5.0
607,1036,4.5
607,1623,4.0
607,3674,5.0
607,1299,4.0
607,318,4.5
607,1512,5.0
607,1627,4.5
607,319,5.0
607,605,4.5
607,933,4.5
607,2592,5.0
607,670,5.0
607,725,4.5
607,2642,4.0
607,1631,5.0
607,3334,4.5
607,5725,4.0
607,3335,4.0
607,625,4.0
607,5551,4.0
607,1894,4.5
607,6201,5.0
607,1302,4.0
607,4877,4.0
607,1039,5.0
607,2699,4.0
607,1124,5.0
607,477,4.0
607,329,4.0
607,330,4.0
607,478,4.0
607,671,4.0
607,939,4.0
607,479,5.0
607,1125,4.5
607,1896,4.5
607,4329,4.5
607,1073,4.0
607,3018,4.0
607,4499,5.0
607,1897,4.5
607,4435,4.0
607,4500,4.0
607,730,4.5
607,731,4.0
607,481,4.0
607,1523,4.0
607,1524,4.0
607,980,4.0
607,3466,4.0
607,1900,4.0
607,482,4.0
607,1525,4.0
607,1041,4.0
607,1074,5.0
607,734,4.0
607,3713,5.0
607,483,4.0
607,4266,5.0
607,524,4.0
607,3810,5.0
607,484,5.0
607,6202,4.0
607,1903,5.0
607,527,4.5
607,3020,4.0
607,693,5.0
607,6203,4.0
607,1905,4.5
607,2603,4.5
607,1908,4.5
607,487,4.0
607,488,4.0
607,737,4.0
607,738,4.5
607,1171,5.0
607,489,4.0
607,1256,4.5
607,3726,4.0
607,1042,5.0
607,2605,4.0
607,2606,4.0
607,740,4.5
607,2607,4.0
607,490,4.5
607,1129,4.0
607,201,4.5
607,1983,4.0
607,1911,4.5
607,5366,4.0
607,6204,4.0
607,4162,4.5
607,2780,5.0
607,742,4.0
607,492,5.0
607,4270,4.5
607,1915,4.0
607,744,5.0
607,1991,4.0
607,2610,5.0
607,4789,4.0
607,1043,4.5
607,493,4.0
607,1260,4.0
607,696,4.5
607,6205,4.0
607,3816,4.0
607,6206,4.0
607,3738,4.0
607,6207,5.0
607,4240,4.0
607,987,4.5
607,496,5.0
607,1772,4.5
607,747,4.5
607,497,4.5
607,2033,4.0
607,2184,4.0
607,1648,5.0
607,1773,4.0
607,1856,4.0
607,499,4.0
607,748,4.5
607,501,5.0
607,6208,4.0
607,6209,5.0
607,6210,5.0
607,6211,5.0
607,4893,4.5
607,6212,4.5
607,6213,5.0
607,6214,5.0
607,6215,4.0
607,2618,4.0
607,2283,5.0
607,6216,4.0
607,6217,4.5
607,5370,4.0
607,6218,4.0
607,3825,5.0
607,6169,5.0
607,675,5.0
607,5527,4.0
607,1263,4.5
607,4281,5.0
607,1928,4.0
607,753,4.5
607,3830,5.0
607,1929,5.0
607,1777,4.5
607,626,4.0
607,540,4.0
607,2229,4.0
607,1311,4.0
607,4284,4.0
607,2702,4.0
607,6219,4.5
607,1076,4.5
607,6220,4.5
607,756,4.0
607,758,4.0
607,759,5.0
607,5831,5.0
607,2042,4.0
607,3176,4.0
607,4779,5.0
607,4784,4.0
607,6221,4.0
607,1932,4.0
607,1652,4.0
607,6222,5.0
607,6223,4.0
607,761,4.0
607,6224,4.0
607,3884,4.5
607,4288,4.0
607,2231,4.0
607,3879,4.0
607,1313,5.0
607,202,4.0
607,1077,4.0
607,6225,5.0
607,6226,4.0
607,3210,4.0
607,4146,4.0
607,1147,4.5
607,676,4.0
607,203,5.0
607,1175,5.0
607,628,4.0
607,508,5.0
607,3839,4.0
607,1315,5.0
607,1667,5.0
607,767,5.0
607,1078,4.0
607,4905,5.0
607,4505,4.0
607,1669,4.0
607,1670,4.0
607,2196,5.0
607,1654,5.0
607,2059,4.0
607,6227,4.5
607,2821,4.0
607,1860,4.0
607,1655,4.0
607,2061,4.0
607,769,5.0
607,1671,5.0
607,6228,4.0
607,770,4.0
607,3212,4.0
607,1318,4.0
607,772,4.0
607,6229,4.0
607,1044,5.0
607,2824,4.5
607,1151,4.0
607,6230,4.0
607,1656,4.0
607,1045,5.0
607,4907,4.0
607,1676,4.0
607,6231,4.0
607,2826,4.5
607,1152,4.0
607,775,5.0
607,204,4.5
607,6232,4.0
607,6233,4.0
607,1000,4.0
607,2703,4.0
607,777,4.0
607,6234,4.5
607,677,4.5
607,6235,4.0
607,5032,5.0
607,3982,4.5
607,1788,4.0
607,1677,4.5
607,1319,5.0
607,3250,5.0
607,1159,5.0
607,6236,4.0
607,2074,4.0
607,2835,4.0
607,1320,4.0
607,3215,4.0
607,206,5.0
607,4452,4.0
607,1177,4.0
607,698,4.0
607,1793,4.0
607,2078,4.5
607,1680,4.0
607,4293,4.0
607,1681,4.5
607,1003,4.0
607,6237,4.0
607,1080,4.5
607,230,5.0
607,6238,4.5
607,2322,4.0
607,3255,4.5
607,4090,4.0
607,4619,4.0
607,788,4.5
607,1081,4.0
607,6239,5.0
607,2707,4.0
607,789,4.5
607,6240,4.0
607,6241,5.0
607,6242,4.0
607,6243,4.5
607,6244,4.0
607,207,4.5
607,6245,5.0
607,1683,5.0
607,1864,4.5
607,6246,4.0
607,6247,4.0
607,6248,4.0
607,678,5.0
607,4627,5.0
607,548,4.0
607,208,4.0
607,6249,4.0
607,796,4.0
607,6250,4.0
607,209,4.0
607,6251,4.0
607,6252,4.0
607,2135,4.0
607,1798,5.0
607,1540,4.0
607,6253,4.5
607,700,4.0
607,4550,4.0
607,2096,4.0
607,5739,4.0
607,3976,5.0
607,4462,4.5
607,2137,4.0
607,6254,5.0
607,801,4.0
607,1008,4.5
607,3261,5.0
607,550,4.0
607,2100,4.0
607,6255,4.0
607,5641,4.5
607,3978,4.5
607,803,5.0
607,1867,4.0
607,6256,4.5
607,1805,4.0
607,2120,4.0
607,6257,4.0
607,805,4.0
607,551,4.5
607,1009,4.5
607,1806,4.0
607,6258,4.0
607,3265,5.0
607,3959,5.0
607,2251,5.0
607,6259,4.0
607,2857,4.0
607,3218,4.0
607,2861,4.0
607,3183,4.0
607,2862,4.0
607,1871,4.0
607,4648,4.5
607,2104,4.0
607,556,4.0
607,1807,5.0
607,1542,4.0
607,6260,5.0
607,6261,4.0
607,2866,4.0
607,1183,4.0
607,1326,4.5
607,634,4.0
607,6262,4.0
607,812,4.5
607,3272,4.0
607,6263,4.5
607,6264,4.0
607,6265,5.0
607,4187,4.0
607,6266,4.0
607,1809,4.0
607,2258,5.0
607,6267,4.5
607,5746,4.5
607,6268,4.0
607,3221,4.5
607,1810,5.0
607,6269,4.5
607,6270,4.5
607,2260,4.0
607,816,4.0
607,559,4.0
607,6271,4.5
607,1327,4.0
607,6272,4.0
607,1544,4.0
607,817,4.0
607,5203,4.0
607,213,4.5
607,4192,4.0
607,1328,4.0
607,2880,5.0
607,1814,5.0
607,6273,4.0
607,6274,4.5
607,6275,5.0
607,1815,4.0
607,1184,4.0
607,819,4.5
607,6276,5.0
607,1816,4.5
607,6277,4.0
607,1687,5.0
607,6278,4.5
607,6279,4.0
607,820,4.0
607,639,4.0
607,1021,4.0
607,1688,4.5
607,1689,5.0
607,2891,5.0
607,2892,5.0
607,3223,4.5
607,640,4.0
607,3282,4.5
607,823,4.5
607,2446,4.5
607,6280,4.0
607,6281,4.0
607,1821,4.5
607,3224,4.5
607,1822,5.0
607,1823,4.0
607,1330,4.5
607,1022,4.0
607,6282,5.0
607,6283,4.5
607,2717,4.5
607,1185,4.0
607,6284,4.0
607,828,4.5
607,3225,5.0
607,215,5.0
607,641,4.5
607,1826,4.0
607,1555,5.0
607,3284,4.5
607,1333,4.5
607,6285,4.0
607,5752,4.5
607,6286,4.5
607,4721,4.5
607,4672,4.0
607,1690,4.0
607,4198,4.0
607,6287,4.0
607,6288,4.0
607,4200,4.0
607,6289,5.0
607,1334,4.5
607,5208,4.5
607,3430,4.0
607,6290,4.0
607,6291,4.0
607,6292,4.0
607,1027,4.0
607,4680,4.0
607,3226,4.5
607,6293,4.0
607,6294,4.0
607,836,4.0
607,644,4.0
607,1028,4.0
607,3300,5.0
607,6295,4.5
607,2527,4.0
607,841,5.0
607,6296,4.5
607,842,4.0
607,6297,4.0
607,1029,5.0
607,645,4.0
607,1836,4.0
607,1837,5.0
607,1838,5.0
607,844,5.0
